00000010 1d 00000400
00000014 1f 0000001c
0000002c 1d 000003f8
00000030 02 00000001
00000034 04 00000065
0000003c 03 00000000
00000040 03 00000001
00000044 02 00000002
0000003c 03 00000001
00000040 03 00000003
00000044 02 00000003
0000003c 03 00000003
00000040 03 00000006
00000044 02 00000004
0000003c 03 00000006
00000040 03 0000000a
00000044 02 00000005
0000003c 03 0000000a
00000040 03 0000000f
00000044 02 00000006
0000003c 03 0000000f
00000040 03 00000015
00000044 02 00000007
0000003c 03 00000015
00000040 03 0000001c
00000044 02 00000008
0000003c 03 0000001c
00000040 03 00000024
00000044 02 00000009
0000003c 03 00000024
00000040 03 0000002d
00000044 02 0000000a
0000003c 03 0000002d
00000040 03 00000037
00000044 02 0000000b
0000003c 03 00000037
00000040 03 00000042
00000044 02 0000000c
0000003c 03 00000042
00000040 03 0000004e
00000044 02 0000000d
0000003c 03 0000004e
00000040 03 0000005b
00000044 02 0000000e
0000003c 03 0000005b
00000040 03 00000069
00000044 02 0000000f
0000003c 03 00000069
00000040 03 00000078
00000044 02 00000010
0000003c 03 00000078
00000040 03 00000088
00000044 02 00000011
0000003c 03 00000088
00000040 03 00000099
00000044 02 00000012
0000003c 03 00000099
00000040 03 000000ab
00000044 02 00000013
0000003c 03 000000ab
00000040 03 000000be
00000044 02 00000014
0000003c 03 000000be
00000040 03 000000d2
00000044 02 00000015
0000003c 03 000000d2
00000040 03 000000e7
00000044 02 00000016
0000003c 03 000000e7
00000040 03 000000fd
00000044 02 00000017
0000003c 03 000000fd
00000040 03 00000114
00000044 02 00000018
0000003c 03 00000114
00000040 03 0000012c
00000044 02 00000019
0000003c 03 0000012c
00000040 03 00000145
00000044 02 0000001a
0000003c 03 00000145
00000040 03 0000015f
00000044 02 0000001b
0000003c 03 0000015f
00000040 03 0000017a
00000044 02 0000001c
0000003c 03 0000017a
00000040 03 00000196
00000044 02 0000001d
0000003c 03 00000196
00000040 03 000001b3
00000044 02 0000001e
0000003c 03 000001b3
00000040 03 000001d1
00000044 02 0000001f
0000003c 03 000001d1
00000040 03 000001f0
00000044 02 00000020
0000003c 03 000001f0
00000040 03 00000210
00000044 02 00000021
0000003c 03 00000210
00000040 03 00000231
00000044 02 00000022
0000003c 03 00000231
00000040 03 00000253
00000044 02 00000023
0000003c 03 00000253
00000040 03 00000276
00000044 02 00000024
0000003c 03 00000276
00000040 03 0000029a
00000044 02 00000025
0000003c 03 0000029a
00000040 03 000002bf
00000044 02 00000026
0000003c 03 000002bf
00000040 03 000002e5
00000044 02 00000027
0000003c 03 000002e5
00000040 03 0000030c
00000044 02 00000028
0000003c 03 0000030c
00000040 03 00000334
00000044 02 00000029
0000003c 03 00000334
00000040 03 0000035d
00000044 02 0000002a
0000003c 03 0000035d
00000040 03 00000387
00000044 02 0000002b
0000003c 03 00000387
00000040 03 000003b2
00000044 02 0000002c
0000003c 03 000003b2
00000040 03 000003de
00000044 02 0000002d
0000003c 03 000003de
00000040 03 0000040b
00000044 02 0000002e
0000003c 03 0000040b
00000040 03 00000439
00000044 02 0000002f
0000003c 03 00000439
00000040 03 00000468
00000044 02 00000030
0000003c 03 00000468
00000040 03 00000498
00000044 02 00000031
0000003c 03 00000498
00000040 03 000004c9
00000044 02 00000032
0000003c 03 000004c9
00000040 03 000004fb
00000044 02 00000033
0000003c 03 000004fb
00000040 03 0000052e
00000044 02 00000034
0000003c 03 0000052e
00000040 03 00000562
00000044 02 00000035
0000003c 03 00000562
00000040 03 00000597
00000044 02 00000036
0000003c 03 00000597
00000040 03 000005cd
00000044 02 00000037
0000003c 03 000005cd
00000040 03 00000604
00000044 02 00000038
0000003c 03 00000604
00000040 03 0000063c
00000044 02 00000039
0000003c 03 0000063c
00000040 03 00000675
00000044 02 0000003a
0000003c 03 00000675
00000040 03 000006af
00000044 02 0000003b
0000003c 03 000006af
00000040 03 000006ea
00000044 02 0000003c
0000003c 03 000006ea
00000040 03 00000726
00000044 02 0000003d
0000003c 03 00000726
00000040 03 00000763
00000044 02 0000003e
0000003c 03 00000763
00000040 03 000007a1
00000044 02 0000003f
0000003c 03 000007a1
00000040 03 000007e0
00000044 02 00000040
0000003c 03 000007e0
00000040 03 00000820
00000044 02 00000041
0000003c 03 00000820
00000040 03 00000861
00000044 02 00000042
0000003c 03 00000861
00000040 03 000008a3
00000044 02 00000043
0000003c 03 000008a3
00000040 03 000008e6
00000044 02 00000044
0000003c 03 000008e6
00000040 03 0000092a
00000044 02 00000045
0000003c 03 0000092a
00000040 03 0000096f
00000044 02 00000046
0000003c 03 0000096f
00000040 03 000009b5
00000044 02 00000047
0000003c 03 000009b5
00000040 03 000009fc
00000044 02 00000048
0000003c 03 000009fc
00000040 03 00000a44
00000044 02 00000049
0000003c 03 00000a44
00000040 03 00000a8d
00000044 02 0000004a
0000003c 03 00000a8d
00000040 03 00000ad7
00000044 02 0000004b
0000003c 03 00000ad7
00000040 03 00000b22
00000044 02 0000004c
0000003c 03 00000b22
00000040 03 00000b6e
00000044 02 0000004d
0000003c 03 00000b6e
00000040 03 00000bbb
00000044 02 0000004e
0000003c 03 00000bbb
00000040 03 00000c09
00000044 02 0000004f
0000003c 03 00000c09
00000040 03 00000c58
00000044 02 00000050
0000003c 03 00000c58
00000040 03 00000ca8
00000044 02 00000051
0000003c 03 00000ca8
00000040 03 00000cf9
00000044 02 00000052
0000003c 03 00000cf9
00000040 03 00000d4b
00000044 02 00000053
0000003c 03 00000d4b
00000040 03 00000d9e
00000044 02 00000054
0000003c 03 00000d9e
00000040 03 00000df2
00000044 02 00000055
0000003c 03 00000df2
00000040 03 00000e47
00000044 02 00000056
0000003c 03 00000e47
00000040 03 00000e9d
00000044 02 00000057
0000003c 03 00000e9d
00000040 03 00000ef4
00000044 02 00000058
0000003c 03 00000ef4
00000040 03 00000f4c
00000044 02 00000059
0000003c 03 00000f4c
00000040 03 00000fa5
00000044 02 0000005a
0000003c 03 00000fa5
00000040 03 00000fff
00000044 02 0000005b
0000003c 03 00000fff
00000040 03 0000105a
00000044 02 0000005c
0000003c 03 0000105a
00000040 03 000010b6
00000044 02 0000005d
0000003c 03 000010b6
00000040 03 00001113
00000044 02 0000005e
0000003c 03 00001113
00000040 03 00001171
00000044 02 0000005f
0000003c 03 00001171
00000040 03 000011d0
00000044 02 00000060
0000003c 03 000011d0
00000040 03 00001230
00000044 02 00000061
0000003c 03 00001230
00000040 03 00001291
00000044 02 00000062
0000003c 03 00001291
00000040 03 000012f3
00000044 02 00000063
0000003c 03 000012f3
00000040 03 00001356
00000044 02 00000064
0000003c 03 00001356
00000040 03 000013ba
00000044 02 00000065
00000054 03 000013ba
00000058 02 000013ba
00000078 02 00000000
0000007c 1d 00000400
0000001c 01 00000000
ffffb1e0
