00000010 1d 00000400
00000014 1f 0000001c
000001ac 0c 00000000
000001b0 1d 000003e8
000001b4 06 00000013
000001b8 05 00000000
000001bc 04 000002b8
000001c4 1f 000001cc
0000012c 02 00000001
00000138 1d 000003c8
0000014c 10 00000000
00000150 11 00000013
00000154 12 000002b8
00000158 05 00000000
0000015c 06 00000013
00000160 04 000002b8
00000164 1f 0000016c
0000002c 07 00000000
00000030 07 000002b8
00000034 02 00000001
00000038 09 00000002
00000044 08 0000004c
00000048 02 00000304
0000004c 03 00000011
00000050 02 00000000
00000054 05 00000001
00000058 07 00000304
00000074 06 00000012
00000078 03 00000001
0000007c 07 00000300
00000064 03 00000008
00000068 05 00000001
00000074 06 00000011
00000078 03 00000001
0000007c 07 000002fc
00000064 03 00000003
00000068 05 00000001
00000074 06 00000010
00000078 03 00000001
0000007c 07 000002f8
00000064 03 00000004
00000068 05 00000001
00000074 06 0000000f
00000078 03 00000001
0000007c 07 000002f4
00000064 03 00000005
00000068 05 00000001
00000074 06 0000000e
00000078 03 00000001
0000007c 07 000002f0
00000064 03 00000007
00000068 05 00000001
00000074 06 0000000d
00000078 03 00000001
0000007c 07 000002ec
00000064 03 00000001
00000068 05 00000000
000000b0 07 00000000
000000b4 08 00000034
000000b8 07 000002b8
000000bc 05 00000001
000000c0 0a 000002ec
000000e8 02 00000001
000000ec 07 000002bc
000000d8 03 0000000c
000000dc 05 00000001
00000058 07 000002ec
00000074 06 0000000c
00000078 03 00000001
0000007c 07 000002e8
00000064 03 00000009
00000068 05 00000001
00000074 06 0000000b
00000078 03 00000001
0000007c 07 000002e4
00000064 03 00000013
00000068 05 00000001
00000074 06 0000000a
00000078 03 00000001
0000007c 07 000002e0
00000064 03 0000000b
00000068 05 00000001
00000074 06 00000009
00000078 03 00000001
0000007c 07 000002dc
00000064 03 00000012
00000068 05 00000001
00000074 06 00000008
00000078 03 00000001
0000007c 07 000002d8
00000064 03 00000000
00000068 05 00000000
000000b0 07 00000004
000000b4 08 00000020
000000b8 07 000002bc
000000bc 05 00000001
000000c0 0a 000002d8
000000e8 02 00000002
000000ec 07 000002c0
000000d8 03 0000000e
000000dc 05 00000001
00000058 07 000002d8
00000074 06 00000007
00000078 03 00000001
0000007c 07 000002d4
00000064 03 0000000a
00000068 05 00000001
00000074 06 00000006
00000078 03 00000001
0000007c 07 000002d0
00000064 03 00000010
00000068 05 00000001
00000074 06 00000005
00000078 03 00000001
0000007c 07 000002cc
00000064 03 0000000f
00000068 05 00000001
00000074 06 00000004
00000078 03 00000001
0000007c 07 000002c8
00000064 03 0000000d
00000068 05 00000001
00000074 06 00000003
00000078 03 00000001
0000007c 07 000002c4
00000064 03 00000006
00000068 05 00000001
00000074 06 00000002
00000078 03 00000000
0000007c 07 000002c0
00000088 06 00000008
0000008c 0a 000002c0
00000090 07 00000008
00000094 03 0000000e
00000098 07 000002c0
0000016c 06 00000001
00000170 05 00000000
00000174 04 000002b8
00000178 10 00000003
0000017c 1f 00000184
0000012c 02 00000001
00000138 1d 000003a8
0000014c 10 00000000
00000150 11 00000001
00000154 12 000002b8
00000158 05 00000000
0000015c 06 00000001
00000160 04 000002b8
00000164 1f 0000016c
0000002c 07 00000000
00000030 07 000002b8
00000034 02 00000001
00000038 09 00000001
00000044 08 00000004
00000048 02 000002bc
0000004c 03 00000000
00000050 02 00000000
00000054 05 00000000
00000058 07 000002bc
000000b0 07 00000000
000000b4 08 00000004
000000b8 07 000002b8
000000bc 05 00000001
000000c0 0a 000002bc
000000e8 02 00000001
000000ec 07 000002bc
000000f8 07 00000004
000000fc 07 000002bc
00000100 03 00000000
0000016c 06 00000000
00000170 05 00000000
00000174 04 000002b8
00000178 10 00000002
0000017c 1f 00000184
0000012c 02 00000000
00000184 02 00000000
00000190 1f 00000184
00000194 12 000002b8
00000198 11 00000013
0000019c 10 00000003
000001a0 1d 000003c8
00000184 02 00000001
00000158 05 00000003
0000015c 06 00000013
00000160 04 000002b8
00000164 1f 0000016c
0000002c 07 0000000c
00000030 07 000002c4
00000034 02 00000001
00000038 09 00000006
00000044 08 0000004c
00000048 02 00000304
0000004c 03 00000011
00000050 02 00000003
00000054 05 00000001
00000058 07 00000304
00000074 06 00000012
00000078 03 00000001
0000007c 07 00000300
00000064 03 00000008
00000068 05 00000001
00000074 06 00000011
00000078 03 00000001
0000007c 07 000002fc
00000064 03 00000003
00000068 05 00000000
000000b0 07 0000000c
000000b4 08 00000044
000000b8 07 000002c4
000000bc 05 00000001
000000c0 0a 000002fc
000000e8 02 00000004
000000ec 07 000002c8
000000d8 03 0000000d
000000dc 05 00000001
00000058 07 000002fc
00000074 06 00000010
00000078 03 00000001
0000007c 07 000002f8
00000064 03 00000004
00000068 05 00000000
000000b0 07 00000010
000000b4 08 00000040
000000b8 07 000002c8
000000bc 05 00000001
000000c0 0a 000002f8
000000e8 02 00000005
000000ec 07 000002cc
000000d8 03 0000000f
000000dc 05 00000001
00000058 07 000002f8
00000074 06 0000000f
00000078 03 00000001
0000007c 07 000002f4
00000064 03 00000005
00000068 05 00000000
000000b0 07 00000014
000000b4 08 0000003c
000000b8 07 000002cc
000000bc 05 00000001
000000c0 0a 000002f4
000000e8 02 00000006
000000ec 07 000002d0
000000d8 03 00000010
000000dc 05 00000001
00000058 07 000002f4
00000074 06 0000000e
00000078 03 00000001
0000007c 07 000002f0
00000064 03 00000007
00000068 05 00000001
00000074 06 0000000d
00000078 03 00000001
0000007c 07 000002ec
00000064 03 0000000c
00000068 05 00000001
00000074 06 0000000c
00000078 03 00000001
0000007c 07 000002e8
00000064 03 00000009
00000068 05 00000001
00000074 06 0000000b
00000078 03 00000001
0000007c 07 000002e4
00000064 03 00000013
00000068 05 00000001
00000074 06 0000000a
00000078 03 00000001
0000007c 07 000002e0
00000064 03 0000000b
00000068 05 00000001
00000074 06 00000009
00000078 03 00000001
0000007c 07 000002dc
00000064 03 00000012
00000068 05 00000001
00000074 06 00000008
00000078 03 00000001
0000007c 07 000002d8
00000064 03 0000000e
00000068 05 00000001
00000074 06 00000007
00000078 03 00000001
0000007c 07 000002d4
00000064 03 0000000a
00000068 05 00000001
00000074 06 00000006
00000078 03 00000000
0000007c 07 000002d0
00000088 06 00000018
0000008c 0a 000002d0
00000090 07 00000018
00000094 03 00000010
00000098 07 000002d0
0000016c 06 00000005
00000170 05 00000003
00000174 04 000002b8
00000178 10 00000007
0000017c 1f 00000184
0000012c 02 00000001
00000138 1d 000003a8
0000014c 10 00000003
00000150 11 00000005
00000154 12 000002b8
00000158 05 00000003
0000015c 06 00000005
00000160 04 000002b8
00000164 1f 0000016c
0000002c 07 0000000c
00000030 07 000002c4
00000034 02 00000001
00000038 09 00000003
00000044 08 00000014
00000048 02 000002cc
0000004c 03 00000005
00000050 02 00000003
00000054 05 00000001
00000058 07 000002cc
00000074 06 00000004
00000078 03 00000001
0000007c 07 000002c8
00000064 03 00000004
00000068 05 00000001
00000074 06 00000003
00000078 03 00000000
0000007c 07 000002c4
00000088 06 0000000c
0000008c 0a 000002c4
00000090 07 0000000c
00000094 03 00000003
00000098 07 000002c4
0000016c 06 00000002
00000170 05 00000003
00000174 04 000002b8
00000178 10 00000004
0000017c 1f 00000184
0000012c 02 00000000
00000184 02 00000001
00000158 05 00000004
0000015c 06 00000005
00000160 04 000002b8
00000164 1f 0000016c
0000002c 07 00000010
00000030 07 000002c8
00000034 02 00000001
00000038 09 00000004
00000044 08 00000014
00000048 02 000002cc
0000004c 03 00000005
00000050 02 00000004
00000054 05 00000001
00000058 07 000002cc
00000074 06 00000004
00000078 03 00000000
0000007c 07 000002c8
00000088 06 00000010
0000008c 0a 000002c8
00000090 07 00000010
00000094 03 00000004
00000098 07 000002c8
0000016c 06 00000003
00000170 05 00000004
00000174 04 000002b8
00000178 10 00000005
0000017c 1f 00000184
0000012c 02 00000000
00000184 02 00000000
00000190 1f 00000184
00000194 12 000002b8
00000198 11 00000013
0000019c 10 00000007
000001a0 1d 000003c8
00000184 02 00000001
00000158 05 00000007
0000015c 06 00000013
00000160 04 000002b8
00000164 1f 0000016c
0000002c 07 0000001c
00000030 07 000002d4
00000034 02 00000001
00000038 09 0000000a
00000044 08 0000004c
00000048 02 00000304
0000004c 03 00000011
00000050 02 00000007
00000054 05 00000001
00000058 07 00000304
00000074 06 00000012
00000078 03 00000001
0000007c 07 00000300
00000064 03 00000008
00000068 05 00000000
000000b0 07 0000001c
000000b4 08 00000048
000000b8 07 000002d4
000000bc 05 00000001
000000c0 0a 00000300
000000e8 02 00000008
000000ec 07 000002d8
000000d8 03 0000000e
000000dc 05 00000001
00000058 07 00000300
00000074 06 00000011
00000078 03 00000001
0000007c 07 000002fc
00000064 03 0000000d
00000068 05 00000001
00000074 06 00000010
00000078 03 00000001
0000007c 07 000002f8
00000064 03 0000000f
00000068 05 00000001
00000074 06 0000000f
00000078 03 00000001
0000007c 07 000002f4
00000064 03 00000010
00000068 05 00000001
00000074 06 0000000e
00000078 03 00000001
0000007c 07 000002f0
00000064 03 00000007
00000068 05 00000000
000000b0 07 00000020
000000b4 08 00000038
000000b8 07 000002d8
000000bc 05 00000001
000000c0 0a 000002f0
000000e8 02 00000009
000000ec 07 000002dc
000000d8 03 00000012
000000dc 05 00000001
00000058 07 000002f0
00000074 06 0000000d
00000078 03 00000001
0000007c 07 000002ec
00000064 03 0000000c
00000068 05 00000001
00000074 06 0000000c
00000078 03 00000001
0000007c 07 000002e8
00000064 03 00000009
00000068 05 00000000
000000b0 07 00000024
000000b4 08 00000030
000000b8 07 000002dc
000000bc 05 00000001
000000c0 0a 000002e8
000000e8 02 0000000a
000000ec 07 000002e0
000000d8 03 0000000b
000000dc 05 00000001
00000058 07 000002e8
00000074 06 0000000b
00000078 03 00000001
0000007c 07 000002e4
00000064 03 00000013
00000068 05 00000001
00000074 06 0000000a
00000078 03 00000000
0000007c 07 000002e0
00000088 06 00000028
0000008c 0a 000002e0
00000090 07 00000028
00000094 03 0000000b
00000098 07 000002e0
0000016c 06 00000009
00000170 05 00000007
00000174 04 000002b8
00000178 10 0000000b
0000017c 1f 00000184
0000012c 02 00000001
00000138 1d 000003a8
0000014c 10 00000007
00000150 11 00000009
00000154 12 000002b8
00000158 05 00000007
0000015c 06 00000009
00000160 04 000002b8
00000164 1f 0000016c
0000002c 07 0000001c
00000030 07 000002d4
00000034 02 00000001
00000038 09 00000008
00000044 08 00000024
00000048 02 000002dc
0000004c 03 00000009
00000050 02 00000007
00000054 05 00000001
00000058 07 000002dc
00000074 06 00000008
00000078 03 00000001
0000007c 07 000002d8
00000064 03 00000007
00000068 05 00000000
000000b0 07 0000001c
000000b4 08 00000020
000000b8 07 000002d4
000000bc 05 00000001
000000c0 0a 000002d8
000000e8 02 00000008
000000ec 07 000002d8
000000f8 07 00000020
000000fc 07 000002d8
00000100 03 00000007
0000016c 06 00000007
00000170 05 00000007
00000174 04 000002b8
00000178 10 00000009
0000017c 1f 00000184
0000012c 02 00000000
00000184 02 00000000
00000190 1f 00000184
00000194 12 000002b8
00000198 11 00000013
0000019c 10 0000000b
000001a0 1d 000003c8
00000184 02 00000001
00000158 05 0000000b
0000015c 06 00000013
00000160 04 000002b8
00000164 1f 0000016c
0000002c 07 0000002c
00000030 07 000002e4
00000034 02 00000001
00000038 09 00000013
00000044 08 0000004c
00000048 02 00000304
0000004c 03 00000011
00000050 02 0000000b
00000054 05 00000000
00000058 07 00000304
000000b0 07 0000002c
000000b4 08 0000004c
000000b8 07 000002e4
000000bc 05 00000001
000000c0 0a 00000304
000000e8 02 0000000c
000000ec 07 000002e8
000000d8 03 0000000b
000000dc 05 00000000
000000e8 02 0000000d
000000ec 07 000002ec
000000d8 03 0000000c
000000dc 05 00000000
000000e8 02 0000000e
000000ec 07 000002f0
000000d8 03 00000012
000000dc 05 00000000
000000e8 02 0000000f
000000ec 07 000002f4
000000d8 03 00000010
000000dc 05 00000000
000000e8 02 00000010
000000ec 07 000002f8
000000d8 03 0000000f
000000dc 05 00000000
000000e8 02 00000011
000000ec 07 000002fc
000000d8 03 0000000d
000000dc 05 00000000
000000e8 02 00000012
000000ec 07 00000300
000000d8 03 0000000e
000000dc 05 00000000
000000e8 02 00000013
000000ec 07 00000304
000000f8 07 0000004c
000000fc 07 00000304
00000100 03 00000011
0000016c 06 00000012
00000170 05 0000000b
00000174 04 000002b8
00000178 10 00000014
0000017c 1f 00000184
0000012c 02 00000001
00000138 1d 000003a8
0000014c 10 0000000b
00000150 11 00000012
00000154 12 000002b8
00000158 05 0000000b
0000015c 06 00000012
00000160 04 000002b8
00000164 1f 0000016c
0000002c 07 0000002c
00000030 07 000002e4
00000034 02 00000001
00000038 09 00000011
00000044 08 00000048
00000048 02 00000300
0000004c 03 0000000e
00000050 02 0000000b
00000054 05 00000000
00000058 07 00000300
000000b0 07 0000002c
000000b4 08 00000048
000000b8 07 000002e4
000000bc 05 00000001
000000c0 0a 00000300
000000e8 02 0000000c
000000ec 07 000002e8
000000d8 03 0000000b
000000dc 05 00000000
000000e8 02 0000000d
000000ec 07 000002ec
000000d8 03 0000000c
000000dc 05 00000000
000000e8 02 0000000e
000000ec 07 000002f0
000000d8 03 00000012
000000dc 05 00000001
00000058 07 00000300
00000074 06 00000011
00000078 03 00000001
0000007c 07 000002fc
00000064 03 0000000d
00000068 05 00000000
000000b0 07 00000038
000000b4 08 00000044
000000b8 07 000002f0
000000bc 05 00000001
000000c0 0a 000002fc
000000e8 02 0000000f
000000ec 07 000002f4
000000d8 03 00000010
000000dc 05 00000000
000000e8 02 00000010
000000ec 07 000002f8
000000d8 03 0000000f
000000dc 05 00000000
000000e8 02 00000011
000000ec 07 000002fc
000000f8 07 00000044
000000fc 07 000002fc
00000100 03 0000000d
0000016c 06 00000010
00000170 05 0000000b
00000174 04 000002b8
00000178 10 00000012
0000017c 1f 00000184
0000012c 02 00000001
00000138 1d 00000388
0000014c 10 0000000b
00000150 11 00000010
00000154 12 000002b8
00000158 05 0000000b
0000015c 06 00000010
00000160 04 000002b8
00000164 1f 0000016c
0000002c 07 0000002c
00000030 07 000002e4
00000034 02 00000001
00000038 09 0000000e
00000044 08 00000040
00000048 02 000002f8
0000004c 03 0000000f
00000050 02 0000000b
00000054 05 00000001
00000058 07 000002f8
00000074 06 0000000f
00000078 03 00000001
0000007c 07 000002f4
00000064 03 00000010
00000068 05 00000001
00000074 06 0000000e
00000078 03 00000001
0000007c 07 000002f0
00000064 03 0000000d
00000068 05 00000000
000000b0 07 0000002c
000000b4 08 00000038
000000b8 07 000002e4
000000bc 05 00000001
000000c0 0a 000002f0
000000e8 02 0000000c
000000ec 07 000002e8
000000d8 03 0000000b
000000dc 05 00000000
000000e8 02 0000000d
000000ec 07 000002ec
000000d8 03 0000000c
000000dc 05 00000000
000000e8 02 0000000e
000000ec 07 000002f0
000000f8 07 00000038
000000fc 07 000002f0
00000100 03 0000000d
0000016c 06 0000000d
00000170 05 0000000b
00000174 04 000002b8
00000178 10 0000000f
0000017c 1f 00000184
0000012c 02 00000001
00000138 1d 00000368
0000014c 10 0000000b
00000150 11 0000000d
00000154 12 000002b8
00000158 05 0000000b
0000015c 06 0000000d
00000160 04 000002b8
00000164 1f 0000016c
0000002c 07 0000002c
00000030 07 000002e4
00000034 02 00000001
00000038 09 0000000d
00000044 08 00000034
00000048 02 000002ec
0000004c 03 0000000c
00000050 02 0000000b
00000054 05 00000000
00000058 07 000002ec
000000b0 07 0000002c
000000b4 08 00000034
000000b8 07 000002e4
000000bc 05 00000001
000000c0 0a 000002ec
000000e8 02 0000000c
000000ec 07 000002e8
000000d8 03 0000000b
000000dc 05 00000000
000000e8 02 0000000d
000000ec 07 000002ec
000000f8 07 00000034
000000fc 07 000002ec
00000100 03 0000000c
0000016c 06 0000000c
00000170 05 0000000b
00000174 04 000002b8
00000178 10 0000000e
0000017c 1f 00000184
0000012c 02 00000001
00000138 1d 00000348
0000014c 10 0000000b
00000150 11 0000000c
00000154 12 000002b8
00000158 05 0000000b
0000015c 06 0000000c
00000160 04 000002b8
00000164 1f 0000016c
0000002c 07 0000002c
00000030 07 000002e4
00000034 02 00000001
00000038 09 0000000c
00000044 08 00000030
00000048 02 000002e8
0000004c 03 0000000b
00000050 02 0000000b
00000054 05 00000000
00000058 07 000002e8
000000b0 07 0000002c
000000b4 08 00000030
000000b8 07 000002e4
000000bc 05 00000001
000000c0 0a 000002e8
000000e8 02 0000000c
000000ec 07 000002e8
000000f8 07 00000030
000000fc 07 000002e8
00000100 03 0000000b
0000016c 06 0000000b
00000170 05 0000000b
00000174 04 000002b8
00000178 10 0000000d
0000017c 1f 00000184
0000012c 02 00000000
00000184 02 00000000
00000190 1f 00000184
00000194 12 000002b8
00000198 11 0000000d
0000019c 10 0000000e
000001a0 1d 00000368
00000184 02 00000000
00000190 1f 00000184
00000194 12 000002b8
00000198 11 00000010
0000019c 10 0000000f
000001a0 1d 00000388
00000184 02 00000001
00000158 05 0000000f
0000015c 06 00000010
00000160 04 000002b8
00000164 1f 0000016c
0000002c 07 0000003c
00000030 07 000002f4
00000034 02 00000001
00000038 09 00000010
00000044 08 00000040
00000048 02 000002f8
0000004c 03 0000000f
00000050 02 0000000f
00000054 05 00000000
00000058 07 000002f8
000000b0 07 0000003c
000000b4 08 00000040
000000b8 07 000002f4
000000bc 05 00000001
000000c0 0a 000002f8
000000e8 02 00000010
000000ec 07 000002f8
000000f8 07 00000040
000000fc 07 000002f8
00000100 03 0000000f
0000016c 06 0000000f
00000170 05 0000000f
00000174 04 000002b8
00000178 10 00000011
0000017c 1f 00000184
0000012c 02 00000000
00000184 02 00000000
00000190 1f 00000184
00000194 12 000002b8
00000198 11 00000012
0000019c 10 00000012
000001a0 1d 000003a8
00000184 02 00000000
00000190 1f 00000184
00000194 12 000002b8
00000198 11 00000013
0000019c 10 00000014
000001a0 1d 000003c8
00000184 02 00000000
00000190 1f 000001cc
00000194 12 xxxxxxxx
00000198 11 xxxxxxxx
0000019c 10 xxxxxxxx
000001a0 1d 000003e8
000001cc 0d 00000000
000001d0 0b 000002b8
000001d4 07 ffffffff
000001d8 03 000002b8
000001dc 06 00000000
000001e0 02 00000000
000001e4 05 00000014
000001e8 04 00000000
00000204 02 00000001
00000208 03 000002bc
000001e8 04 00000001
00000204 02 00000002
00000208 03 000002c0
000001e8 04 00000002
00000204 02 00000003
00000208 03 000002c4
000001e8 04 00000003
00000204 02 00000004
00000208 03 000002c8
000001e8 04 00000004
00000204 02 00000005
00000208 03 000002cc
000001e8 04 00000005
00000204 02 00000006
00000208 03 000002d0
000001e8 04 00000006
00000204 02 00000007
00000208 03 000002d4
000001e8 04 00000007
00000204 02 00000008
00000208 03 000002d8
000001e8 04 00000008
00000204 02 00000009
00000208 03 000002dc
000001e8 04 00000009
00000204 02 0000000a
00000208 03 000002e0
000001e8 04 0000000a
00000204 02 0000000b
00000208 03 000002e4
000001e8 04 0000000b
00000204 02 0000000c
00000208 03 000002e8
000001e8 04 0000000c
00000204 02 0000000d
00000208 03 000002ec
000001e8 04 0000000d
00000204 02 0000000e
00000208 03 000002f0
000001e8 04 0000000e
00000204 02 0000000f
00000208 03 000002f4
000001e8 04 0000000f
00000204 02 00000010
00000208 03 000002f8
000001e8 04 00000010
00000204 02 00000011
00000208 03 000002fc
000001e8 04 00000011
00000204 02 00000012
00000208 03 00000300
000001e8 04 00000012
00000204 02 00000013
00000208 03 00000304
000001e8 04 00000013
00000204 02 00000014
00000208 03 00000308
0000021c 06 00000013
00000220 05 00000000
00000224 04 000002b8
00000228 1f 00000230
0000012c 02 00000001
00000138 1d 000003c8
0000014c 10 00000000
00000150 11 00000013
00000154 12 000002b8
00000158 05 00000000
0000015c 06 00000013
00000160 04 000002b8
00000164 1f 0000016c
0000002c 07 00000000
00000030 07 000002b8
00000034 02 00000001
00000038 09 00000000
00000044 08 0000004c
00000048 02 00000304
0000004c 03 00000013
00000050 02 00000000
00000054 05 00000001
00000058 07 00000304
00000074 06 00000012
00000078 03 00000001
0000007c 07 00000300
00000064 03 00000012
00000068 05 00000001
00000074 06 00000011
00000078 03 00000001
0000007c 07 000002fc
00000064 03 00000011
00000068 05 00000001
00000074 06 00000010
00000078 03 00000001
0000007c 07 000002f8
00000064 03 00000010
00000068 05 00000001
00000074 06 0000000f
00000078 03 00000001
0000007c 07 000002f4
00000064 03 0000000f
00000068 05 00000001
00000074 06 0000000e
00000078 03 00000001
0000007c 07 000002f0
00000064 03 0000000e
00000068 05 00000001
00000074 06 0000000d
00000078 03 00000001
0000007c 07 000002ec
00000064 03 0000000d
00000068 05 00000001
00000074 06 0000000c
00000078 03 00000001
0000007c 07 000002e8
00000064 03 0000000c
00000068 05 00000001
00000074 06 0000000b
00000078 03 00000001
0000007c 07 000002e4
00000064 03 0000000b
00000068 05 00000001
00000074 06 0000000a
00000078 03 00000001
0000007c 07 000002e0
00000064 03 0000000a
00000068 05 00000001
00000074 06 00000009
00000078 03 00000001
0000007c 07 000002dc
00000064 03 00000009
00000068 05 00000001
00000074 06 00000008
00000078 03 00000001
0000007c 07 000002d8
00000064 03 00000008
00000068 05 00000001
00000074 06 00000007
00000078 03 00000001
0000007c 07 000002d4
00000064 03 00000007
00000068 05 00000001
00000074 06 00000006
00000078 03 00000001
0000007c 07 000002d0
00000064 03 00000006
00000068 05 00000001
00000074 06 00000005
00000078 03 00000001
0000007c 07 000002cc
00000064 03 00000005
00000068 05 00000001
00000074 06 00000004
00000078 03 00000001
0000007c 07 000002c8
00000064 03 00000004
00000068 05 00000001
00000074 06 00000003
00000078 03 00000001
0000007c 07 000002c4
00000064 03 00000003
00000068 05 00000001
00000074 06 00000002
00000078 03 00000001
0000007c 07 000002c0
00000064 03 00000002
00000068 05 00000001
00000074 06 00000001
00000078 03 00000001
0000007c 07 000002bc
00000064 03 00000001
00000068 05 00000001
00000074 06 00000000
00000078 03 00000000
0000007c 07 000002b8
00000088 06 00000000
0000008c 0a 000002b8
00000090 07 00000000
00000094 03 00000000
00000098 07 000002b8
0000016c 06 ffffffff
00000170 05 00000000
00000174 04 000002b8
00000178 10 00000001
0000017c 1f 00000184
0000012c 02 00000000
00000184 02 00000001
00000158 05 00000001
0000015c 06 00000013
00000160 04 000002b8
00000164 1f 0000016c
0000002c 07 00000004
00000030 07 000002bc
00000034 02 00000001
00000038 09 00000001
00000044 08 0000004c
00000048 02 00000304
0000004c 03 00000013
00000050 02 00000001
00000054 05 00000001
00000058 07 00000304
00000074 06 00000012
00000078 03 00000001
0000007c 07 00000300
00000064 03 00000012
00000068 05 00000001
00000074 06 00000011
00000078 03 00000001
0000007c 07 000002fc
00000064 03 00000011
00000068 05 00000001
00000074 06 00000010
00000078 03 00000001
0000007c 07 000002f8
00000064 03 00000010
00000068 05 00000001
00000074 06 0000000f
00000078 03 00000001
0000007c 07 000002f4
00000064 03 0000000f
00000068 05 00000001
00000074 06 0000000e
00000078 03 00000001
0000007c 07 000002f0
00000064 03 0000000e
00000068 05 00000001
00000074 06 0000000d
00000078 03 00000001
0000007c 07 000002ec
00000064 03 0000000d
00000068 05 00000001
00000074 06 0000000c
00000078 03 00000001
0000007c 07 000002e8
00000064 03 0000000c
00000068 05 00000001
00000074 06 0000000b
00000078 03 00000001
0000007c 07 000002e4
00000064 03 0000000b
00000068 05 00000001
00000074 06 0000000a
00000078 03 00000001
0000007c 07 000002e0
00000064 03 0000000a
00000068 05 00000001
00000074 06 00000009
00000078 03 00000001
0000007c 07 000002dc
00000064 03 00000009
00000068 05 00000001
00000074 06 00000008
00000078 03 00000001
0000007c 07 000002d8
00000064 03 00000008
00000068 05 00000001
00000074 06 00000007
00000078 03 00000001
0000007c 07 000002d4
00000064 03 00000007
00000068 05 00000001
00000074 06 00000006
00000078 03 00000001
0000007c 07 000002d0
00000064 03 00000006
00000068 05 00000001
00000074 06 00000005
00000078 03 00000001
0000007c 07 000002cc
00000064 03 00000005
00000068 05 00000001
00000074 06 00000004
00000078 03 00000001
0000007c 07 000002c8
00000064 03 00000004
00000068 05 00000001
00000074 06 00000003
00000078 03 00000001
0000007c 07 000002c4
00000064 03 00000003
00000068 05 00000001
00000074 06 00000002
00000078 03 00000001
0000007c 07 000002c0
00000064 03 00000002
00000068 05 00000001
00000074 06 00000001
00000078 03 00000000
0000007c 07 000002bc
00000088 06 00000004
0000008c 0a 000002bc
00000090 07 00000004
00000094 03 00000001
00000098 07 000002bc
0000016c 06 00000000
00000170 05 00000001
00000174 04 000002b8
00000178 10 00000002
0000017c 1f 00000184
0000012c 02 00000000
00000184 02 00000001
00000158 05 00000002
0000015c 06 00000013
00000160 04 000002b8
00000164 1f 0000016c
0000002c 07 00000008
00000030 07 000002c0
00000034 02 00000001
00000038 09 00000002
00000044 08 0000004c
00000048 02 00000304
0000004c 03 00000013
00000050 02 00000002
00000054 05 00000001
00000058 07 00000304
00000074 06 00000012
00000078 03 00000001
0000007c 07 00000300
00000064 03 00000012
00000068 05 00000001
00000074 06 00000011
00000078 03 00000001
0000007c 07 000002fc
00000064 03 00000011
00000068 05 00000001
00000074 06 00000010
00000078 03 00000001
0000007c 07 000002f8
00000064 03 00000010
00000068 05 00000001
00000074 06 0000000f
00000078 03 00000001
0000007c 07 000002f4
00000064 03 0000000f
00000068 05 00000001
00000074 06 0000000e
00000078 03 00000001
0000007c 07 000002f0
00000064 03 0000000e
00000068 05 00000001
00000074 06 0000000d
00000078 03 00000001
0000007c 07 000002ec
00000064 03 0000000d
00000068 05 00000001
00000074 06 0000000c
00000078 03 00000001
0000007c 07 000002e8
00000064 03 0000000c
00000068 05 00000001
00000074 06 0000000b
00000078 03 00000001
0000007c 07 000002e4
00000064 03 0000000b
00000068 05 00000001
00000074 06 0000000a
00000078 03 00000001
0000007c 07 000002e0
00000064 03 0000000a
00000068 05 00000001
00000074 06 00000009
00000078 03 00000001
0000007c 07 000002dc
00000064 03 00000009
00000068 05 00000001
00000074 06 00000008
00000078 03 00000001
0000007c 07 000002d8
00000064 03 00000008
00000068 05 00000001
00000074 06 00000007
00000078 03 00000001
0000007c 07 000002d4
00000064 03 00000007
00000068 05 00000001
00000074 06 00000006
00000078 03 00000001
0000007c 07 000002d0
00000064 03 00000006
00000068 05 00000001
00000074 06 00000005
00000078 03 00000001
0000007c 07 000002cc
00000064 03 00000005
00000068 05 00000001
00000074 06 00000004
00000078 03 00000001
0000007c 07 000002c8
00000064 03 00000004
00000068 05 00000001
00000074 06 00000003
00000078 03 00000001
0000007c 07 000002c4
00000064 03 00000003
00000068 05 00000001
00000074 06 00000002
00000078 03 00000000
0000007c 07 000002c0
00000088 06 00000008
0000008c 0a 000002c0
00000090 07 00000008
00000094 03 00000002
00000098 07 000002c0
0000016c 06 00000001
00000170 05 00000002
00000174 04 000002b8
00000178 10 00000003
0000017c 1f 00000184
0000012c 02 00000000
00000184 02 00000001
00000158 05 00000003
0000015c 06 00000013
00000160 04 000002b8
00000164 1f 0000016c
0000002c 07 0000000c
00000030 07 000002c4
00000034 02 00000001
00000038 09 00000003
00000044 08 0000004c
00000048 02 00000304
0000004c 03 00000013
00000050 02 00000003
00000054 05 00000001
00000058 07 00000304
00000074 06 00000012
00000078 03 00000001
0000007c 07 00000300
00000064 03 00000012
00000068 05 00000001
00000074 06 00000011
00000078 03 00000001
0000007c 07 000002fc
00000064 03 00000011
00000068 05 00000001
00000074 06 00000010
00000078 03 00000001
0000007c 07 000002f8
00000064 03 00000010
00000068 05 00000001
00000074 06 0000000f
00000078 03 00000001
0000007c 07 000002f4
00000064 03 0000000f
00000068 05 00000001
00000074 06 0000000e
00000078 03 00000001
0000007c 07 000002f0
00000064 03 0000000e
00000068 05 00000001
00000074 06 0000000d
00000078 03 00000001
0000007c 07 000002ec
00000064 03 0000000d
00000068 05 00000001
00000074 06 0000000c
00000078 03 00000001
0000007c 07 000002e8
00000064 03 0000000c
00000068 05 00000001
00000074 06 0000000b
00000078 03 00000001
0000007c 07 000002e4
00000064 03 0000000b
00000068 05 00000001
00000074 06 0000000a
00000078 03 00000001
0000007c 07 000002e0
00000064 03 0000000a
00000068 05 00000001
00000074 06 00000009
00000078 03 00000001
0000007c 07 000002dc
00000064 03 00000009
00000068 05 00000001
00000074 06 00000008
00000078 03 00000001
0000007c 07 000002d8
00000064 03 00000008
00000068 05 00000001
00000074 06 00000007
00000078 03 00000001
0000007c 07 000002d4
00000064 03 00000007
00000068 05 00000001
00000074 06 00000006
00000078 03 00000001
0000007c 07 000002d0
00000064 03 00000006
00000068 05 00000001
00000074 06 00000005
00000078 03 00000001
0000007c 07 000002cc
00000064 03 00000005
00000068 05 00000001
00000074 06 00000004
00000078 03 00000001
0000007c 07 000002c8
00000064 03 00000004
00000068 05 00000001
00000074 06 00000003
00000078 03 00000000
0000007c 07 000002c4
00000088 06 0000000c
0000008c 0a 000002c4
00000090 07 0000000c
00000094 03 00000003
00000098 07 000002c4
0000016c 06 00000002
00000170 05 00000003
00000174 04 000002b8
00000178 10 00000004
0000017c 1f 00000184
0000012c 02 00000000
00000184 02 00000001
00000158 05 00000004
0000015c 06 00000013
00000160 04 000002b8
00000164 1f 0000016c
0000002c 07 00000010
00000030 07 000002c8
00000034 02 00000001
00000038 09 00000004
00000044 08 0000004c
00000048 02 00000304
0000004c 03 00000013
00000050 02 00000004
00000054 05 00000001
00000058 07 00000304
00000074 06 00000012
00000078 03 00000001
0000007c 07 00000300
00000064 03 00000012
00000068 05 00000001
00000074 06 00000011
00000078 03 00000001
0000007c 07 000002fc
00000064 03 00000011
00000068 05 00000001
00000074 06 00000010
00000078 03 00000001
0000007c 07 000002f8
00000064 03 00000010
00000068 05 00000001
00000074 06 0000000f
00000078 03 00000001
0000007c 07 000002f4
00000064 03 0000000f
00000068 05 00000001
00000074 06 0000000e
00000078 03 00000001
0000007c 07 000002f0
00000064 03 0000000e
00000068 05 00000001
00000074 06 0000000d
00000078 03 00000001
0000007c 07 000002ec
00000064 03 0000000d
00000068 05 00000001
00000074 06 0000000c
00000078 03 00000001
0000007c 07 000002e8
00000064 03 0000000c
00000068 05 00000001
00000074 06 0000000b
00000078 03 00000001
0000007c 07 000002e4
00000064 03 0000000b
00000068 05 00000001
00000074 06 0000000a
00000078 03 00000001
0000007c 07 000002e0
00000064 03 0000000a
00000068 05 00000001
00000074 06 00000009
00000078 03 00000001
0000007c 07 000002dc
00000064 03 00000009
00000068 05 00000001
00000074 06 00000008
00000078 03 00000001
0000007c 07 000002d8
00000064 03 00000008
00000068 05 00000001
00000074 06 00000007
00000078 03 00000001
0000007c 07 000002d4
00000064 03 00000007
00000068 05 00000001
00000074 06 00000006
00000078 03 00000001
0000007c 07 000002d0
00000064 03 00000006
00000068 05 00000001
00000074 06 00000005
00000078 03 00000001
0000007c 07 000002cc
00000064 03 00000005
00000068 05 00000001
00000074 06 00000004
00000078 03 00000000
0000007c 07 000002c8
00000088 06 00000010
0000008c 0a 000002c8
00000090 07 00000010
00000094 03 00000004
00000098 07 000002c8
0000016c 06 00000003
00000170 05 00000004
00000174 04 000002b8
00000178 10 00000005
0000017c 1f 00000184
0000012c 02 00000000
00000184 02 00000001
00000158 05 00000005
0000015c 06 00000013
00000160 04 000002b8
00000164 1f 0000016c
0000002c 07 00000014
00000030 07 000002cc
00000034 02 00000001
00000038 09 00000005
00000044 08 0000004c
00000048 02 00000304
0000004c 03 00000013
00000050 02 00000005
00000054 05 00000001
00000058 07 00000304
00000074 06 00000012
00000078 03 00000001
0000007c 07 00000300
00000064 03 00000012
00000068 05 00000001
00000074 06 00000011
00000078 03 00000001
0000007c 07 000002fc
00000064 03 00000011
00000068 05 00000001
00000074 06 00000010
00000078 03 00000001
0000007c 07 000002f8
00000064 03 00000010
00000068 05 00000001
00000074 06 0000000f
00000078 03 00000001
0000007c 07 000002f4
00000064 03 0000000f
00000068 05 00000001
00000074 06 0000000e
00000078 03 00000001
0000007c 07 000002f0
00000064 03 0000000e
00000068 05 00000001
00000074 06 0000000d
00000078 03 00000001
0000007c 07 000002ec
00000064 03 0000000d
00000068 05 00000001
00000074 06 0000000c
00000078 03 00000001
0000007c 07 000002e8
00000064 03 0000000c
00000068 05 00000001
00000074 06 0000000b
00000078 03 00000001
0000007c 07 000002e4
00000064 03 0000000b
00000068 05 00000001
00000074 06 0000000a
00000078 03 00000001
0000007c 07 000002e0
00000064 03 0000000a
00000068 05 00000001
00000074 06 00000009
00000078 03 00000001
0000007c 07 000002dc
00000064 03 00000009
00000068 05 00000001
00000074 06 00000008
00000078 03 00000001
0000007c 07 000002d8
00000064 03 00000008
00000068 05 00000001
00000074 06 00000007
00000078 03 00000001
0000007c 07 000002d4
00000064 03 00000007
00000068 05 00000001
00000074 06 00000006
00000078 03 00000001
0000007c 07 000002d0
00000064 03 00000006
00000068 05 00000001
00000074 06 00000005
00000078 03 00000000
0000007c 07 000002cc
00000088 06 00000014
0000008c 0a 000002cc
00000090 07 00000014
00000094 03 00000005
00000098 07 000002cc
0000016c 06 00000004
00000170 05 00000005
00000174 04 000002b8
00000178 10 00000006
0000017c 1f 00000184
0000012c 02 00000000
00000184 02 00000001
00000158 05 00000006
0000015c 06 00000013
00000160 04 000002b8
00000164 1f 0000016c
0000002c 07 00000018
00000030 07 000002d0
00000034 02 00000001
00000038 09 00000006
00000044 08 0000004c
00000048 02 00000304
0000004c 03 00000013
00000050 02 00000006
00000054 05 00000001
00000058 07 00000304
00000074 06 00000012
00000078 03 00000001
0000007c 07 00000300
00000064 03 00000012
00000068 05 00000001
00000074 06 00000011
00000078 03 00000001
0000007c 07 000002fc
00000064 03 00000011
00000068 05 00000001
00000074 06 00000010
00000078 03 00000001
0000007c 07 000002f8
00000064 03 00000010
00000068 05 00000001
00000074 06 0000000f
00000078 03 00000001
0000007c 07 000002f4
00000064 03 0000000f
00000068 05 00000001
00000074 06 0000000e
00000078 03 00000001
0000007c 07 000002f0
00000064 03 0000000e
00000068 05 00000001
00000074 06 0000000d
00000078 03 00000001
0000007c 07 000002ec
00000064 03 0000000d
00000068 05 00000001
00000074 06 0000000c
00000078 03 00000001
0000007c 07 000002e8
00000064 03 0000000c
00000068 05 00000001
00000074 06 0000000b
00000078 03 00000001
0000007c 07 000002e4
00000064 03 0000000b
00000068 05 00000001
00000074 06 0000000a
00000078 03 00000001
0000007c 07 000002e0
00000064 03 0000000a
00000068 05 00000001
00000074 06 00000009
00000078 03 00000001
0000007c 07 000002dc
00000064 03 00000009
00000068 05 00000001
00000074 06 00000008
00000078 03 00000001
0000007c 07 000002d8
00000064 03 00000008
00000068 05 00000001
00000074 06 00000007
00000078 03 00000001
0000007c 07 000002d4
00000064 03 00000007
00000068 05 00000001
00000074 06 00000006
00000078 03 00000000
0000007c 07 000002d0
00000088 06 00000018
0000008c 0a 000002d0
00000090 07 00000018
00000094 03 00000006
00000098 07 000002d0
0000016c 06 00000005
00000170 05 00000006
00000174 04 000002b8
00000178 10 00000007
0000017c 1f 00000184
0000012c 02 00000000
00000184 02 00000001
00000158 05 00000007
0000015c 06 00000013
00000160 04 000002b8
00000164 1f 0000016c
0000002c 07 0000001c
00000030 07 000002d4
00000034 02 00000001
00000038 09 00000007
00000044 08 0000004c
00000048 02 00000304
0000004c 03 00000013
00000050 02 00000007
00000054 05 00000001
00000058 07 00000304
00000074 06 00000012
00000078 03 00000001
0000007c 07 00000300
00000064 03 00000012
00000068 05 00000001
00000074 06 00000011
00000078 03 00000001
0000007c 07 000002fc
00000064 03 00000011
00000068 05 00000001
00000074 06 00000010
00000078 03 00000001
0000007c 07 000002f8
00000064 03 00000010
00000068 05 00000001
00000074 06 0000000f
00000078 03 00000001
0000007c 07 000002f4
00000064 03 0000000f
00000068 05 00000001
00000074 06 0000000e
00000078 03 00000001
0000007c 07 000002f0
00000064 03 0000000e
00000068 05 00000001
00000074 06 0000000d
00000078 03 00000001
0000007c 07 000002ec
00000064 03 0000000d
00000068 05 00000001
00000074 06 0000000c
00000078 03 00000001
0000007c 07 000002e8
00000064 03 0000000c
00000068 05 00000001
00000074 06 0000000b
00000078 03 00000001
0000007c 07 000002e4
00000064 03 0000000b
00000068 05 00000001
00000074 06 0000000a
00000078 03 00000001
0000007c 07 000002e0
00000064 03 0000000a
00000068 05 00000001
00000074 06 00000009
00000078 03 00000001
0000007c 07 000002dc
00000064 03 00000009
00000068 05 00000001
00000074 06 00000008
00000078 03 00000001
0000007c 07 000002d8
00000064 03 00000008
00000068 05 00000001
00000074 06 00000007
00000078 03 00000000
0000007c 07 000002d4
00000088 06 0000001c
0000008c 0a 000002d4
00000090 07 0000001c
00000094 03 00000007
00000098 07 000002d4
0000016c 06 00000006
00000170 05 00000007
00000174 04 000002b8
00000178 10 00000008
0000017c 1f 00000184
0000012c 02 00000000
00000184 02 00000001
00000158 05 00000008
0000015c 06 00000013
00000160 04 000002b8
00000164 1f 0000016c
0000002c 07 00000020
00000030 07 000002d8
00000034 02 00000001
00000038 09 00000008
00000044 08 0000004c
00000048 02 00000304
0000004c 03 00000013
00000050 02 00000008
00000054 05 00000001
00000058 07 00000304
00000074 06 00000012
00000078 03 00000001
0000007c 07 00000300
00000064 03 00000012
00000068 05 00000001
00000074 06 00000011
00000078 03 00000001
0000007c 07 000002fc
00000064 03 00000011
00000068 05 00000001
00000074 06 00000010
00000078 03 00000001
0000007c 07 000002f8
00000064 03 00000010
00000068 05 00000001
00000074 06 0000000f
00000078 03 00000001
0000007c 07 000002f4
00000064 03 0000000f
00000068 05 00000001
00000074 06 0000000e
00000078 03 00000001
0000007c 07 000002f0
00000064 03 0000000e
00000068 05 00000001
00000074 06 0000000d
00000078 03 00000001
0000007c 07 000002ec
00000064 03 0000000d
00000068 05 00000001
00000074 06 0000000c
00000078 03 00000001
0000007c 07 000002e8
00000064 03 0000000c
00000068 05 00000001
00000074 06 0000000b
00000078 03 00000001
0000007c 07 000002e4
00000064 03 0000000b
00000068 05 00000001
00000074 06 0000000a
00000078 03 00000001
0000007c 07 000002e0
00000064 03 0000000a
00000068 05 00000001
00000074 06 00000009
00000078 03 00000001
0000007c 07 000002dc
00000064 03 00000009
00000068 05 00000001
00000074 06 00000008
00000078 03 00000000
0000007c 07 000002d8
00000088 06 00000020
0000008c 0a 000002d8
00000090 07 00000020
00000094 03 00000008
00000098 07 000002d8
0000016c 06 00000007
00000170 05 00000008
00000174 04 000002b8
00000178 10 00000009
0000017c 1f 00000184
0000012c 02 00000000
00000184 02 00000001
00000158 05 00000009
0000015c 06 00000013
00000160 04 000002b8
00000164 1f 0000016c
0000002c 07 00000024
00000030 07 000002dc
00000034 02 00000001
00000038 09 00000009
00000044 08 0000004c
00000048 02 00000304
0000004c 03 00000013
00000050 02 00000009
00000054 05 00000001
00000058 07 00000304
00000074 06 00000012
00000078 03 00000001
0000007c 07 00000300
00000064 03 00000012
00000068 05 00000001
00000074 06 00000011
00000078 03 00000001
0000007c 07 000002fc
00000064 03 00000011
00000068 05 00000001
00000074 06 00000010
00000078 03 00000001
0000007c 07 000002f8
00000064 03 00000010
00000068 05 00000001
00000074 06 0000000f
00000078 03 00000001
0000007c 07 000002f4
00000064 03 0000000f
00000068 05 00000001
00000074 06 0000000e
00000078 03 00000001
0000007c 07 000002f0
00000064 03 0000000e
00000068 05 00000001
00000074 06 0000000d
00000078 03 00000001
0000007c 07 000002ec
00000064 03 0000000d
00000068 05 00000001
00000074 06 0000000c
00000078 03 00000001
0000007c 07 000002e8
00000064 03 0000000c
00000068 05 00000001
00000074 06 0000000b
00000078 03 00000001
0000007c 07 000002e4
00000064 03 0000000b
00000068 05 00000001
00000074 06 0000000a
00000078 03 00000001
0000007c 07 000002e0
00000064 03 0000000a
00000068 05 00000001
00000074 06 00000009
00000078 03 00000000
0000007c 07 000002dc
00000088 06 00000024
0000008c 0a 000002dc
00000090 07 00000024
00000094 03 00000009
00000098 07 000002dc
0000016c 06 00000008
00000170 05 00000009
00000174 04 000002b8
00000178 10 0000000a
0000017c 1f 00000184
0000012c 02 00000000
00000184 02 00000001
00000158 05 0000000a
0000015c 06 00000013
00000160 04 000002b8
00000164 1f 0000016c
0000002c 07 00000028
00000030 07 000002e0
00000034 02 00000001
00000038 09 0000000a
00000044 08 0000004c
00000048 02 00000304
0000004c 03 00000013
00000050 02 0000000a
00000054 05 00000001
00000058 07 00000304
00000074 06 00000012
00000078 03 00000001
0000007c 07 00000300
00000064 03 00000012
00000068 05 00000001
00000074 06 00000011
00000078 03 00000001
0000007c 07 000002fc
00000064 03 00000011
00000068 05 00000001
00000074 06 00000010
00000078 03 00000001
0000007c 07 000002f8
00000064 03 00000010
00000068 05 00000001
00000074 06 0000000f
00000078 03 00000001
0000007c 07 000002f4
00000064 03 0000000f
00000068 05 00000001
00000074 06 0000000e
00000078 03 00000001
0000007c 07 000002f0
00000064 03 0000000e
00000068 05 00000001
00000074 06 0000000d
00000078 03 00000001
0000007c 07 000002ec
00000064 03 0000000d
00000068 05 00000001
00000074 06 0000000c
00000078 03 00000001
0000007c 07 000002e8
00000064 03 0000000c
00000068 05 00000001
00000074 06 0000000b
00000078 03 00000001
0000007c 07 000002e4
00000064 03 0000000b
00000068 05 00000001
00000074 06 0000000a
00000078 03 00000000
0000007c 07 000002e0
00000088 06 00000028
0000008c 0a 000002e0
00000090 07 00000028
00000094 03 0000000a
00000098 07 000002e0
0000016c 06 00000009
00000170 05 0000000a
00000174 04 000002b8
00000178 10 0000000b
0000017c 1f 00000184
0000012c 02 00000000
00000184 02 00000001
00000158 05 0000000b
0000015c 06 00000013
00000160 04 000002b8
00000164 1f 0000016c
0000002c 07 0000002c
00000030 07 000002e4
00000034 02 00000001
00000038 09 0000000b
00000044 08 0000004c
00000048 02 00000304
0000004c 03 00000013
00000050 02 0000000b
00000054 05 00000001
00000058 07 00000304
00000074 06 00000012
00000078 03 00000001
0000007c 07 00000300
00000064 03 00000012
00000068 05 00000001
00000074 06 00000011
00000078 03 00000001
0000007c 07 000002fc
00000064 03 00000011
00000068 05 00000001
00000074 06 00000010
00000078 03 00000001
0000007c 07 000002f8
00000064 03 00000010
00000068 05 00000001
00000074 06 0000000f
00000078 03 00000001
0000007c 07 000002f4
00000064 03 0000000f
00000068 05 00000001
00000074 06 0000000e
00000078 03 00000001
0000007c 07 000002f0
00000064 03 0000000e
00000068 05 00000001
00000074 06 0000000d
00000078 03 00000001
0000007c 07 000002ec
00000064 03 0000000d
00000068 05 00000001
00000074 06 0000000c
00000078 03 00000001
0000007c 07 000002e8
00000064 03 0000000c
00000068 05 00000001
00000074 06 0000000b
00000078 03 00000000
0000007c 07 000002e4
00000088 06 0000002c
0000008c 0a 000002e4
00000090 07 0000002c
00000094 03 0000000b
00000098 07 000002e4
0000016c 06 0000000a
00000170 05 0000000b
00000174 04 000002b8
00000178 10 0000000c
0000017c 1f 00000184
0000012c 02 00000000
00000184 02 00000001
00000158 05 0000000c
0000015c 06 00000013
00000160 04 000002b8
00000164 1f 0000016c
0000002c 07 00000030
00000030 07 000002e8
00000034 02 00000001
00000038 09 0000000c
00000044 08 0000004c
00000048 02 00000304
0000004c 03 00000013
00000050 02 0000000c
00000054 05 00000001
00000058 07 00000304
00000074 06 00000012
00000078 03 00000001
0000007c 07 00000300
00000064 03 00000012
00000068 05 00000001
00000074 06 00000011
00000078 03 00000001
0000007c 07 000002fc
00000064 03 00000011
00000068 05 00000001
00000074 06 00000010
00000078 03 00000001
0000007c 07 000002f8
00000064 03 00000010
00000068 05 00000001
00000074 06 0000000f
00000078 03 00000001
0000007c 07 000002f4
00000064 03 0000000f
00000068 05 00000001
00000074 06 0000000e
00000078 03 00000001
0000007c 07 000002f0
00000064 03 0000000e
00000068 05 00000001
00000074 06 0000000d
00000078 03 00000001
0000007c 07 000002ec
00000064 03 0000000d
00000068 05 00000001
00000074 06 0000000c
00000078 03 00000000
0000007c 07 000002e8
00000088 06 00000030
0000008c 0a 000002e8
00000090 07 00000030
00000094 03 0000000c
00000098 07 000002e8
0000016c 06 0000000b
00000170 05 0000000c
00000174 04 000002b8
00000178 10 0000000d
0000017c 1f 00000184
0000012c 02 00000000
00000184 02 00000001
00000158 05 0000000d
0000015c 06 00000013
00000160 04 000002b8
00000164 1f 0000016c
0000002c 07 00000034
00000030 07 000002ec
00000034 02 00000001
00000038 09 0000000d
00000044 08 0000004c
00000048 02 00000304
0000004c 03 00000013
00000050 02 0000000d
00000054 05 00000001
00000058 07 00000304
00000074 06 00000012
00000078 03 00000001
0000007c 07 00000300
00000064 03 00000012
00000068 05 00000001
00000074 06 00000011
00000078 03 00000001
0000007c 07 000002fc
00000064 03 00000011
00000068 05 00000001
00000074 06 00000010
00000078 03 00000001
0000007c 07 000002f8
00000064 03 00000010
00000068 05 00000001
00000074 06 0000000f
00000078 03 00000001
0000007c 07 000002f4
00000064 03 0000000f
00000068 05 00000001
00000074 06 0000000e
00000078 03 00000001
0000007c 07 000002f0
00000064 03 0000000e
00000068 05 00000001
00000074 06 0000000d
00000078 03 00000000
0000007c 07 000002ec
00000088 06 00000034
0000008c 0a 000002ec
00000090 07 00000034
00000094 03 0000000d
00000098 07 000002ec
0000016c 06 0000000c
00000170 05 0000000d
00000174 04 000002b8
00000178 10 0000000e
0000017c 1f 00000184
0000012c 02 00000000
00000184 02 00000001
00000158 05 0000000e
0000015c 06 00000013
00000160 04 000002b8
00000164 1f 0000016c
0000002c 07 00000038
00000030 07 000002f0
00000034 02 00000001
00000038 09 0000000e
00000044 08 0000004c
00000048 02 00000304
0000004c 03 00000013
00000050 02 0000000e
00000054 05 00000001
00000058 07 00000304
00000074 06 00000012
00000078 03 00000001
0000007c 07 00000300
00000064 03 00000012
00000068 05 00000001
00000074 06 00000011
00000078 03 00000001
0000007c 07 000002fc
00000064 03 00000011
00000068 05 00000001
00000074 06 00000010
00000078 03 00000001
0000007c 07 000002f8
00000064 03 00000010
00000068 05 00000001
00000074 06 0000000f
00000078 03 00000001
0000007c 07 000002f4
00000064 03 0000000f
00000068 05 00000001
00000074 06 0000000e
00000078 03 00000000
0000007c 07 000002f0
00000088 06 00000038
0000008c 0a 000002f0
00000090 07 00000038
00000094 03 0000000e
00000098 07 000002f0
0000016c 06 0000000d
00000170 05 0000000e
00000174 04 000002b8
00000178 10 0000000f
0000017c 1f 00000184
0000012c 02 00000000
00000184 02 00000001
00000158 05 0000000f
0000015c 06 00000013
00000160 04 000002b8
00000164 1f 0000016c
0000002c 07 0000003c
00000030 07 000002f4
00000034 02 00000001
00000038 09 0000000f
00000044 08 0000004c
00000048 02 00000304
0000004c 03 00000013
00000050 02 0000000f
00000054 05 00000001
00000058 07 00000304
00000074 06 00000012
00000078 03 00000001
0000007c 07 00000300
00000064 03 00000012
00000068 05 00000001
00000074 06 00000011
00000078 03 00000001
0000007c 07 000002fc
00000064 03 00000011
00000068 05 00000001
00000074 06 00000010
00000078 03 00000001
0000007c 07 000002f8
00000064 03 00000010
00000068 05 00000001
00000074 06 0000000f
00000078 03 00000000
0000007c 07 000002f4
00000088 06 0000003c
0000008c 0a 000002f4
00000090 07 0000003c
00000094 03 0000000f
00000098 07 000002f4
0000016c 06 0000000e
00000170 05 0000000f
00000174 04 000002b8
00000178 10 00000010
0000017c 1f 00000184
0000012c 02 00000000
00000184 02 00000001
00000158 05 00000010
0000015c 06 00000013
00000160 04 000002b8
00000164 1f 0000016c
0000002c 07 00000040
00000030 07 000002f8
00000034 02 00000001
00000038 09 00000010
00000044 08 0000004c
00000048 02 00000304
0000004c 03 00000013
00000050 02 00000010
00000054 05 00000001
00000058 07 00000304
00000074 06 00000012
00000078 03 00000001
0000007c 07 00000300
00000064 03 00000012
00000068 05 00000001
00000074 06 00000011
00000078 03 00000001
0000007c 07 000002fc
00000064 03 00000011
00000068 05 00000001
00000074 06 00000010
00000078 03 00000000
0000007c 07 000002f8
00000088 06 00000040
0000008c 0a 000002f8
00000090 07 00000040
00000094 03 00000010
00000098 07 000002f8
0000016c 06 0000000f
00000170 05 00000010
00000174 04 000002b8
00000178 10 00000011
0000017c 1f 00000184
0000012c 02 00000000
00000184 02 00000001
00000158 05 00000011
0000015c 06 00000013
00000160 04 000002b8
00000164 1f 0000016c
0000002c 07 00000044
00000030 07 000002fc
00000034 02 00000001
00000038 09 00000011
00000044 08 0000004c
00000048 02 00000304
0000004c 03 00000013
00000050 02 00000011
00000054 05 00000001
00000058 07 00000304
00000074 06 00000012
00000078 03 00000001
0000007c 07 00000300
00000064 03 00000012
00000068 05 00000001
00000074 06 00000011
00000078 03 00000000
0000007c 07 000002fc
00000088 06 00000044
0000008c 0a 000002fc
00000090 07 00000044
00000094 03 00000011
00000098 07 000002fc
0000016c 06 00000010
00000170 05 00000011
00000174 04 000002b8
00000178 10 00000012
0000017c 1f 00000184
0000012c 02 00000000
00000184 02 00000001
00000158 05 00000012
0000015c 06 00000013
00000160 04 000002b8
00000164 1f 0000016c
0000002c 07 00000048
00000030 07 00000300
00000034 02 00000001
00000038 09 00000012
00000044 08 0000004c
00000048 02 00000304
0000004c 03 00000013
00000050 02 00000012
00000054 05 00000001
00000058 07 00000304
00000074 06 00000012
00000078 03 00000000
0000007c 07 00000300
00000088 06 00000048
0000008c 0a 00000300
00000090 07 00000048
00000094 03 00000012
00000098 07 00000300
0000016c 06 00000011
00000170 05 00000012
00000174 04 000002b8
00000178 10 00000013
0000017c 1f 00000184
0000012c 02 00000000
00000184 02 00000000
00000190 1f 00000230
00000194 12 xxxxxxxx
00000198 11 xxxxxxxx
0000019c 10 xxxxxxxx
000001a0 1d 000003e8
00000230 06 ffffffff
00000234 05 00000000
00000238 02 00000000
0000023c 04 00000014
00000240 03 00000000
0000025c 02 00000001
00000260 0b 000002bc
00000240 03 00000001
0000025c 02 00000002
00000260 0b 000002c0
00000240 03 00000002
0000025c 02 00000003
00000260 0b 000002c4
00000240 03 00000003
0000025c 02 00000004
00000260 0b 000002c8
00000240 03 00000004
0000025c 02 00000005
00000260 0b 000002cc
00000240 03 00000005
0000025c 02 00000006
00000260 0b 000002d0
00000240 03 00000006
0000025c 02 00000007
00000260 0b 000002d4
00000240 03 00000007
0000025c 02 00000008
00000260 0b 000002d8
00000240 03 00000008
0000025c 02 00000009
00000260 0b 000002dc
00000240 03 00000009
0000025c 02 0000000a
00000260 0b 000002e0
00000240 03 0000000a
0000025c 02 0000000b
00000260 0b 000002e4
00000240 03 0000000b
0000025c 02 0000000c
00000260 0b 000002e8
00000240 03 0000000c
0000025c 02 0000000d
00000260 0b 000002ec
00000240 03 0000000d
0000025c 02 0000000e
00000260 0b 000002f0
00000240 03 0000000e
0000025c 02 0000000f
00000260 0b 000002f4
00000240 03 0000000f
0000025c 02 00000010
00000260 0b 000002f8
00000240 03 00000010
0000025c 02 00000011
00000260 0b 000002fc
00000240 03 00000011
0000025c 02 00000012
00000260 0b 00000300
00000240 03 00000012
0000025c 02 00000013
00000260 0b 00000304
00000240 03 00000013
0000025c 02 00000014
00000260 0b 00000308
00000274 1f 0000001c
00000278 02 00000000
0000027c 1d 00000400
0000001c 01 00000000
