00000000 1d 00004000
00000010 1f 00000018
00000064 06 00000000
00000068 1d 00003fe8
0000006c 06 000001c8
00000070 07 00000000
00000074 08 00000000
00000078 07 000001a8
00000080 08 000001e8
00000084 05 000001c8
00000088 04 12345678
0000008c 02 002468ac
00000090 04 002468ac
00000094 04 00000000
00000098 04 00000001
0000009c 05 000001cc
000000a0 1f 000000a8
000000a8 07 000001ac
00000088 04 98765432
0000008c 02 0130eca8
00000090 04 0130eca8
00000094 04 00000000
00000098 04 00000001
0000009c 05 000001d0
000000a0 1f 000000a8
000000a8 07 000001b0
00000088 04 00000000
0000008c 02 00000000
00000090 04 00000000
00000094 04 00000000
00000098 04 00000001
0000009c 05 000001d4
000000a0 1f 000000a8
000000a8 07 000001b4
00000088 04 effa1000
0000008c 02 01dff420
00000090 04 01dff420
00000094 04 00000000
00000098 04 00000001
0000009c 05 000001d8
000000a0 1f 000000a8
000000a8 07 000001b8
00000088 04 7fffffff
0000008c 02 00ffffff
00000090 04 00ffffff
00000094 04 00000000
00000098 04 00000001
0000009c 05 000001dc
000000a0 1f 000000a8
000000a8 07 000001bc
00000088 04 80000000
0000008c 02 01000000
00000090 04 01000000
00000094 04 00000000
00000098 04 00000001
0000009c 05 000001e0
000000a0 1f 000000a8
000000a8 07 000001c0
00000088 04 00000033
0000008c 02 00000000
00000090 04 00000000
00000094 04 00000000
00000098 04 00000001
0000009c 05 000001e4
000000a0 1f 000000a8
000000a8 07 000001c4
00000088 04 ffffffff
0000008c 02 01ffffff
00000090 04 01ffffff
00000094 04 00000000
00000098 04 00000001
0000009c 05 000001e8
000000a0 1f 000000a8
000000a8 07 000001c8
000000b4 07 00000000
000000b8 07 00000168
000000bc 08 000001c8
000000c0 05 00000004
000000c4 09 0000000c
000000c8 04 12345678
000000cc 02 01234567
000000d0 04 01234567
000000d4 04 00000000
000000d8 04 00000001
000000dc 05 00000005
000000e0 1f 000000e8
000000e8 08 000001cc
000000ec 07 0000016c
000000c8 04 98765432
000000cc 02 fcc3b2a1
000000d0 04 fcc3b2a1
000000d4 04 00000000
000000d8 04 00000001
000000dc 05 00000006
000000e0 1f 000000e8
000000e8 08 000001d0
000000ec 07 00000170
000000c8 04 00000000
000000cc 02 00000000
000000d0 04 00000000
000000d4 04 00000000
000000d8 04 00000001
000000dc 05 00000007
000000e0 1f 000000e8
000000e8 08 000001d4
000000ec 07 00000174
000000c8 04 effa1000
000000cc 02 ffdff420
000000d0 04 ffdff420
000000d4 04 00000000
000000d8 04 00000001
000000dc 05 00000008
000000e0 1f 000000e8
000000e8 08 000001d8
000000ec 07 00000178
000000c8 04 7fffffff
000000cc 02 007fffff
000000d0 04 007fffff
000000d4 04 00000000
000000d8 04 00000001
000000dc 05 00000009
000000e0 1f 000000e8
000000e8 08 000001dc
000000ec 07 0000017c
000000c8 04 80000000
000000cc 02 ffc00000
000000d0 04 ffc00000
000000d4 04 00000000
000000d8 04 00000001
000000dc 05 0000000a
000000e0 1f 000000e8
000000e8 08 000001e0
000000ec 07 00000180
000000c8 04 00000033
000000cc 02 00000000
000000d0 04 00000000
000000d4 04 00000000
000000d8 04 00000001
000000dc 05 0000000b
000000e0 1f 000000e8
000000e8 08 000001e4
000000ec 07 00000184
000000c8 04 ffffffff
000000cc 02 ffffffff
000000d0 04 ffffffff
000000d4 04 00000000
000000d8 04 00000001
000000dc 05 0000000c
000000e0 1f 000000e8
000000e8 08 000001e8
000000ec 07 00000188
000000f8 07 00000000
000000fc 07 00000188
00000100 05 00000004
00000104 08 0000000c
00000108 04 12345678
0000010c 02 01234567
00000110 04 01234567
00000114 04 00000000
00000118 04 00000001
0000011c 05 00000005
00000120 1f 00000128
00000128 06 000001cc
0000012c 07 0000018c
00000108 04 98765432
0000010c 02 04c3b2a1
00000110 04 04c3b2a1
00000114 04 00000000
00000118 04 00000001
0000011c 05 00000006
00000120 1f 00000128
00000128 06 000001d0
0000012c 07 00000190
00000108 04 00000000
0000010c 02 00000000
00000110 04 00000000
00000114 04 00000000
00000118 04 00000001
0000011c 05 00000007
00000120 1f 00000128
00000128 06 000001d4
0000012c 07 00000194
00000108 04 effa1000
0000010c 02 01dff420
00000110 04 01dff420
00000114 04 00000000
00000118 04 00000001
0000011c 05 00000008
00000120 1f 00000128
00000128 06 000001d8
0000012c 07 00000198
00000108 04 7fffffff
0000010c 02 007fffff
00000110 04 007fffff
00000114 04 00000000
00000118 04 00000001
0000011c 05 00000009
00000120 1f 00000128
00000128 06 000001dc
0000012c 07 0000019c
00000108 04 80000000
0000010c 02 00400000
00000110 04 00400000
00000114 04 00000000
00000118 04 00000001
0000011c 05 0000000a
00000120 1f 00000128
00000128 06 000001e0
0000012c 07 000001a0
00000108 04 00000033
0000010c 02 00000000
00000110 04 00000000
00000114 04 00000000
00000118 04 00000001
0000011c 05 0000000b
00000120 1f 00000128
00000128 06 000001e4
0000012c 07 000001a4
00000108 04 ffffffff
0000010c 02 001fffff
00000110 04 001fffff
00000114 04 00000000
00000118 04 00000001
0000011c 05 0000000c
00000120 1f 00000128
00000128 06 000001e8
0000012c 07 000001a8
00000138 1f 00000018
0000013c 02 00000000
00000140 1d 00004000
00000018 1f 00000020
00000054 02 00000000
