00000000 1d 00004000
00000010 1f 00000018
00000198 1d 00003fe8
0000019c 0a 00000004
000001a0 0b 00000020
000001a8 04 00000004
000001ac 1f 000001b4
000000cc 02 00000000
000000d8 07 00000002
000000dc 06 00000002
000000e0 08 00000002
000000e4 09 00000001
000000e8 03 00000002
00000170 02 00000001
000001b4 02 00000000
000001b8 04 00000001
000001bc 0a 00000006
000001c0 1f 000001c8
000001a8 04 00000006
000001ac 1f 000001b4
000000cc 02 00000000
000000d8 07 00000004
000000dc 06 00000002
000000e0 08 00000002
000000e4 09 00000001
000000e8 03 00000002
00000138 03 00000002
0000013c 05 00000000
00000140 02 00000004
0000014c 02 00000002
00000150 05 00000000
0000014c 02 00000000
00000150 05 00000001
0000017c 06 00000003
00000180 07 00000003
000000e8 03 00000002
000000f4 05 00000000
000000f8 02 00000003
00000104 02 00000001
00000108 05 00000001
0000011c 03 00000003
00000138 03 00000002
0000013c 05 00000000
00000140 02 00000003
0000014c 02 00000001
00000150 05 00000001
00000164 03 00000003
00000170 02 00000001
000001b4 02 00000000
000001b8 04 00000001
000001bc 0a 00000008
000001c0 1f 000001c8
000001a8 04 00000008
000001ac 1f 000001b4
000000cc 02 00000000
000000d8 07 00000006
000000dc 06 00000002
000000e0 08 00000002
000000e4 09 00000001
000000e8 03 00000002
00000138 03 00000002
0000013c 05 00000000
00000140 02 00000006
0000014c 02 00000004
00000150 05 00000000
0000014c 02 00000002
00000150 05 00000000
0000014c 02 00000000
00000150 05 00000001
0000017c 06 00000003
00000180 07 00000005
000000e8 03 00000002
000000f4 05 00000000
000000f8 02 00000003
00000104 02 00000001
00000108 05 00000001
0000011c 03 00000003
00000138 03 00000002
0000013c 05 00000000
00000140 02 00000005
0000014c 02 00000003
00000150 05 00000000
0000014c 02 00000001
00000150 05 00000001
00000164 03 00000003
0000013c 05 00000000
00000140 02 00000005
0000014c 02 00000002
00000150 05 00000001
00000164 03 00000004
0000013c 05 00000000
00000140 02 00000005
0000014c 02 00000001
00000150 05 00000001
00000164 03 00000005
00000170 02 00000001
000001b4 02 00000000
000001b8 04 00000001
000001bc 0a 0000000a
000001c0 1f 000001c8
000001a8 04 0000000a
000001ac 1f 000001b4
000000cc 02 00000000
000000d8 07 00000008
000000dc 06 00000002
000000e0 08 00000002
000000e4 09 00000001
000000e8 03 00000002
00000138 03 00000002
0000013c 05 00000000
00000140 02 00000008
0000014c 02 00000006
00000150 05 00000000
0000014c 02 00000004
00000150 05 00000000
0000014c 02 00000002
00000150 05 00000000
0000014c 02 00000000
00000150 05 00000001
0000017c 06 00000003
00000180 07 00000007
000000e8 03 00000002
000000f4 05 00000000
000000f8 02 00000003
00000104 02 00000001
00000108 05 00000001
0000011c 03 00000003
00000138 03 00000002
0000013c 05 00000000
00000140 02 00000007
0000014c 02 00000005
00000150 05 00000000
0000014c 02 00000003
00000150 05 00000000
0000014c 02 00000001
00000150 05 00000001
00000164 03 00000003
0000013c 05 00000000
00000140 02 00000007
0000014c 02 00000004
00000150 05 00000000
0000014c 02 00000001
00000150 05 00000001
00000164 03 00000004
0000013c 05 00000000
00000140 02 00000007
0000014c 02 00000003
00000150 05 00000001
00000164 03 00000005
0000013c 05 00000000
00000140 02 00000007
0000014c 02 00000002
00000150 05 00000001
00000164 03 00000006
0000013c 05 00000000
00000140 02 00000007
0000014c 02 00000001
00000150 05 00000001
00000164 03 00000007
00000170 02 00000001
000001b4 02 00000000
000001b8 04 00000001
000001bc 0a 0000000c
000001c0 1f 000001c8
000001a8 04 0000000c
000001ac 1f 000001b4
000000cc 02 00000000
000000d8 07 0000000a
000000dc 06 00000002
000000e0 08 00000002
000000e4 09 00000001
000000e8 03 00000002
00000138 03 00000002
0000013c 05 00000000
00000140 02 0000000a
0000014c 02 00000008
00000150 05 00000000
0000014c 02 00000006
00000150 05 00000000
0000014c 02 00000004
00000150 05 00000000
0000014c 02 00000002
00000150 05 00000000
0000014c 02 00000000
00000150 05 00000001
0000017c 06 00000003
00000180 07 00000009
000000e8 03 00000002
000000f4 05 00000000
000000f8 02 00000003
00000104 02 00000001
00000108 05 00000001
0000011c 03 00000003
00000138 03 00000002
0000013c 05 00000000
00000140 02 00000009
0000014c 02 00000007
00000150 05 00000000
0000014c 02 00000005
00000150 05 00000000
0000014c 02 00000003
00000150 05 00000000
0000014c 02 00000001
00000150 05 00000001
00000164 03 00000003
0000013c 05 00000000
00000140 02 00000009
0000014c 02 00000006
00000150 05 00000000
0000014c 02 00000003
00000150 05 00000000
0000014c 02 00000000
00000150 05 00000001
0000017c 06 00000004
00000180 07 00000008
000000e8 03 00000002
000000f4 05 00000000
000000f8 02 00000004
00000104 02 00000002
00000108 05 00000000
00000104 02 00000000
00000108 05 00000001
0000017c 06 00000005
00000180 07 00000007
000000e8 03 00000002
000000f4 05 00000000
000000f8 02 00000005
00000104 02 00000003
00000108 05 00000000
00000104 02 00000001
00000108 05 00000001
0000011c 03 00000003
000000f4 05 00000000
000000f8 02 00000005
00000104 02 00000002
00000108 05 00000001
0000011c 03 00000004
000000f4 05 00000000
000000f8 02 00000005
00000104 02 00000001
00000108 05 00000001
0000011c 03 00000005
00000138 03 00000002
0000013c 05 00000000
00000140 02 00000007
0000014c 02 00000005
00000150 05 00000000
0000014c 02 00000003
00000150 05 00000000
0000014c 02 00000001
00000150 05 00000001
00000164 03 00000003
0000013c 05 00000000
00000140 02 00000007
0000014c 02 00000004
00000150 05 00000000
0000014c 02 00000001
00000150 05 00000001
00000164 03 00000004
0000013c 05 00000000
00000140 02 00000007
0000014c 02 00000003
00000150 05 00000001
00000164 03 00000005
0000013c 05 00000000
00000140 02 00000007
0000014c 02 00000002
00000150 05 00000001
00000164 03 00000006
0000013c 05 00000000
00000140 02 00000007
0000014c 02 00000001
00000150 05 00000001
00000164 03 00000007
00000170 02 00000001
000001b4 02 00000000
000001b8 04 00000001
000001bc 0a 0000000e
000001c0 1f 000001c8
000001a8 04 0000000e
000001ac 1f 000001b4
000000cc 02 00000000
000000d8 07 0000000c
000000dc 06 00000002
000000e0 08 00000002
000000e4 09 00000001
000000e8 03 00000002
00000138 03 00000002
0000013c 05 00000000
00000140 02 0000000c
0000014c 02 0000000a
00000150 05 00000000
0000014c 02 00000008
00000150 05 00000000
0000014c 02 00000006
00000150 05 00000000
0000014c 02 00000004
00000150 05 00000000
0000014c 02 00000002
00000150 05 00000000
0000014c 02 00000000
00000150 05 00000001
0000017c 06 00000003
00000180 07 0000000b
000000e8 03 00000002
000000f4 05 00000000
000000f8 02 00000003
00000104 02 00000001
00000108 05 00000001
0000011c 03 00000003
00000138 03 00000002
0000013c 05 00000000
00000140 02 0000000b
0000014c 02 00000009
00000150 05 00000000
0000014c 02 00000007
00000150 05 00000000
0000014c 02 00000005
00000150 05 00000000
0000014c 02 00000003
00000150 05 00000000
0000014c 02 00000001
00000150 05 00000001
00000164 03 00000003
0000013c 05 00000000
00000140 02 0000000b
0000014c 02 00000008
00000150 05 00000000
0000014c 02 00000005
00000150 05 00000000
0000014c 02 00000002
00000150 05 00000001
00000164 03 00000004
0000013c 05 00000000
00000140 02 0000000b
0000014c 02 00000007
00000150 05 00000000
0000014c 02 00000003
00000150 05 00000001
00000164 03 00000005
0000013c 05 00000000
00000140 02 0000000b
0000014c 02 00000006
00000150 05 00000000
0000014c 02 00000001
00000150 05 00000001
00000164 03 00000006
0000013c 05 00000000
00000140 02 0000000b
0000014c 02 00000005
00000150 05 00000001
00000164 03 00000007
0000013c 05 00000000
00000140 02 0000000b
0000014c 02 00000004
00000150 05 00000001
00000164 03 00000008
0000013c 05 00000000
00000140 02 0000000b
0000014c 02 00000003
00000150 05 00000001
00000164 03 00000009
0000013c 05 00000000
00000140 02 0000000b
0000014c 02 00000002
00000150 05 00000001
00000164 03 0000000a
0000013c 05 00000000
00000140 02 0000000b
0000014c 02 00000001
00000150 05 00000001
00000164 03 0000000b
00000170 02 00000001
000001b4 02 00000000
000001b8 04 00000001
000001bc 0a 00000010
000001c0 1f 000001c8
000001a8 04 00000010
000001ac 1f 000001b4
000000cc 02 00000000
000000d8 07 0000000e
000000dc 06 00000002
000000e0 08 00000002
000000e4 09 00000001
000000e8 03 00000002
00000138 03 00000002
0000013c 05 00000000
00000140 02 0000000e
0000014c 02 0000000c
00000150 05 00000000
0000014c 02 0000000a
00000150 05 00000000
0000014c 02 00000008
00000150 05 00000000
0000014c 02 00000006
00000150 05 00000000
0000014c 02 00000004
00000150 05 00000000
0000014c 02 00000002
00000150 05 00000000
0000014c 02 00000000
00000150 05 00000001
0000017c 06 00000003
00000180 07 0000000d
000000e8 03 00000002
000000f4 05 00000000
000000f8 02 00000003
00000104 02 00000001
00000108 05 00000001
0000011c 03 00000003
00000138 03 00000002
0000013c 05 00000000
00000140 02 0000000d
0000014c 02 0000000b
00000150 05 00000000
0000014c 02 00000009
00000150 05 00000000
0000014c 02 00000007
00000150 05 00000000
0000014c 02 00000005
00000150 05 00000000
0000014c 02 00000003
00000150 05 00000000
0000014c 02 00000001
00000150 05 00000001
00000164 03 00000003
0000013c 05 00000000
00000140 02 0000000d
0000014c 02 0000000a
00000150 05 00000000
0000014c 02 00000007
00000150 05 00000000
0000014c 02 00000004
00000150 05 00000000
0000014c 02 00000001
00000150 05 00000001
00000164 03 00000004
0000013c 05 00000000
00000140 02 0000000d
0000014c 02 00000009
00000150 05 00000000
0000014c 02 00000005
00000150 05 00000000
0000014c 02 00000001
00000150 05 00000001
00000164 03 00000005
0000013c 05 00000000
00000140 02 0000000d
0000014c 02 00000008
00000150 05 00000000
0000014c 02 00000003
00000150 05 00000001
00000164 03 00000006
0000013c 05 00000000
00000140 02 0000000d
0000014c 02 00000007
00000150 05 00000000
0000014c 02 00000001
00000150 05 00000001
00000164 03 00000007
0000013c 05 00000000
00000140 02 0000000d
0000014c 02 00000006
00000150 05 00000001
00000164 03 00000008
0000013c 05 00000000
00000140 02 0000000d
0000014c 02 00000005
00000150 05 00000001
00000164 03 00000009
0000013c 05 00000000
00000140 02 0000000d
0000014c 02 00000004
00000150 05 00000001
00000164 03 0000000a
0000013c 05 00000000
00000140 02 0000000d
0000014c 02 00000003
00000150 05 00000001
00000164 03 0000000b
0000013c 05 00000000
00000140 02 0000000d
0000014c 02 00000002
00000150 05 00000001
00000164 03 0000000c
0000013c 05 00000000
00000140 02 0000000d
0000014c 02 00000001
00000150 05 00000001
00000164 03 0000000d
00000170 02 00000001
000001b4 02 00000000
000001b8 04 00000001
000001bc 0a 00000012
000001c0 1f 000001c8
000001a8 04 00000012
000001ac 1f 000001b4
000000cc 02 00000000
000000d8 07 00000010
000000dc 06 00000002
000000e0 08 00000002
000000e4 09 00000001
000000e8 03 00000002
00000138 03 00000002
0000013c 05 00000000
00000140 02 00000010
0000014c 02 0000000e
00000150 05 00000000
0000014c 02 0000000c
00000150 05 00000000
0000014c 02 0000000a
00000150 05 00000000
0000014c 02 00000008
00000150 05 00000000
0000014c 02 00000006
00000150 05 00000000
0000014c 02 00000004
00000150 05 00000000
0000014c 02 00000002
00000150 05 00000000
0000014c 02 00000000
00000150 05 00000001
0000017c 06 00000003
00000180 07 0000000f
000000e8 03 00000002
000000f4 05 00000000
000000f8 02 00000003
00000104 02 00000001
00000108 05 00000001
0000011c 03 00000003
00000138 03 00000002
0000013c 05 00000000
00000140 02 0000000f
0000014c 02 0000000d
00000150 05 00000000
0000014c 02 0000000b
00000150 05 00000000
0000014c 02 00000009
00000150 05 00000000
0000014c 02 00000007
00000150 05 00000000
0000014c 02 00000005
00000150 05 00000000
0000014c 02 00000003
00000150 05 00000000
0000014c 02 00000001
00000150 05 00000001
00000164 03 00000003
0000013c 05 00000000
00000140 02 0000000f
0000014c 02 0000000c
00000150 05 00000000
0000014c 02 00000009
00000150 05 00000000
0000014c 02 00000006
00000150 05 00000000
0000014c 02 00000003
00000150 05 00000000
0000014c 02 00000000
00000150 05 00000001
0000017c 06 00000004
00000180 07 0000000e
000000e8 03 00000002
000000f4 05 00000000
000000f8 02 00000004
00000104 02 00000002
00000108 05 00000000
00000104 02 00000000
00000108 05 00000001
0000017c 06 00000005
00000180 07 0000000d
000000e8 03 00000002
000000f4 05 00000000
000000f8 02 00000005
00000104 02 00000003
00000108 05 00000000
00000104 02 00000001
00000108 05 00000001
0000011c 03 00000003
000000f4 05 00000000
000000f8 02 00000005
00000104 02 00000002
00000108 05 00000001
0000011c 03 00000004
000000f4 05 00000000
000000f8 02 00000005
00000104 02 00000001
00000108 05 00000001
0000011c 03 00000005
00000138 03 00000002
0000013c 05 00000000
00000140 02 0000000d
0000014c 02 0000000b
00000150 05 00000000
0000014c 02 00000009
00000150 05 00000000
0000014c 02 00000007
00000150 05 00000000
0000014c 02 00000005
00000150 05 00000000
0000014c 02 00000003
00000150 05 00000000
0000014c 02 00000001
00000150 05 00000001
00000164 03 00000003
0000013c 05 00000000
00000140 02 0000000d
0000014c 02 0000000a
00000150 05 00000000
0000014c 02 00000007
00000150 05 00000000
0000014c 02 00000004
00000150 05 00000000
0000014c 02 00000001
00000150 05 00000001
00000164 03 00000004
0000013c 05 00000000
00000140 02 0000000d
0000014c 02 00000009
00000150 05 00000000
0000014c 02 00000005
00000150 05 00000000
0000014c 02 00000001
00000150 05 00000001
00000164 03 00000005
0000013c 05 00000000
00000140 02 0000000d
0000014c 02 00000008
00000150 05 00000000
0000014c 02 00000003
00000150 05 00000001
00000164 03 00000006
0000013c 05 00000000
00000140 02 0000000d
0000014c 02 00000007
00000150 05 00000000
0000014c 02 00000001
00000150 05 00000001
00000164 03 00000007
0000013c 05 00000000
00000140 02 0000000d
0000014c 02 00000006
00000150 05 00000001
00000164 03 00000008
0000013c 05 00000000
00000140 02 0000000d
0000014c 02 00000005
00000150 05 00000001
00000164 03 00000009
0000013c 05 00000000
00000140 02 0000000d
0000014c 02 00000004
00000150 05 00000001
00000164 03 0000000a
0000013c 05 00000000
00000140 02 0000000d
0000014c 02 00000003
00000150 05 00000001
00000164 03 0000000b
0000013c 05 00000000
00000140 02 0000000d
0000014c 02 00000002
00000150 05 00000001
00000164 03 0000000c
0000013c 05 00000000
00000140 02 0000000d
0000014c 02 00000001
00000150 05 00000001
00000164 03 0000000d
00000170 02 00000001
000001b4 02 00000000
000001b8 04 00000001
000001bc 0a 00000014
000001c0 1f 000001c8
000001a8 04 00000014
000001ac 1f 000001b4
000000cc 02 00000000
000000d8 07 00000012
000000dc 06 00000002
000000e0 08 00000002
000000e4 09 00000001
000000e8 03 00000002
00000138 03 00000002
0000013c 05 00000000
00000140 02 00000012
0000014c 02 00000010
00000150 05 00000000
0000014c 02 0000000e
00000150 05 00000000
0000014c 02 0000000c
00000150 05 00000000
0000014c 02 0000000a
00000150 05 00000000
0000014c 02 00000008
00000150 05 00000000
0000014c 02 00000006
00000150 05 00000000
0000014c 02 00000004
00000150 05 00000000
0000014c 02 00000002
00000150 05 00000000
0000014c 02 00000000
00000150 05 00000001
0000017c 06 00000003
00000180 07 00000011
000000e8 03 00000002
000000f4 05 00000000
000000f8 02 00000003
00000104 02 00000001
00000108 05 00000001
0000011c 03 00000003
00000138 03 00000002
0000013c 05 00000000
00000140 02 00000011
0000014c 02 0000000f
00000150 05 00000000
0000014c 02 0000000d
00000150 05 00000000
0000014c 02 0000000b
00000150 05 00000000
0000014c 02 00000009
00000150 05 00000000
0000014c 02 00000007
00000150 05 00000000
0000014c 02 00000005
00000150 05 00000000
0000014c 02 00000003
00000150 05 00000000
0000014c 02 00000001
00000150 05 00000001
00000164 03 00000003
0000013c 05 00000000
00000140 02 00000011
0000014c 02 0000000e
00000150 05 00000000
0000014c 02 0000000b
00000150 05 00000000
0000014c 02 00000008
00000150 05 00000000
0000014c 02 00000005
00000150 05 00000000
0000014c 02 00000002
00000150 05 00000001
00000164 03 00000004
0000013c 05 00000000
00000140 02 00000011
0000014c 02 0000000d
00000150 05 00000000
0000014c 02 00000009
00000150 05 00000000
0000014c 02 00000005
00000150 05 00000000
0000014c 02 00000001
00000150 05 00000001
00000164 03 00000005
0000013c 05 00000000
00000140 02 00000011
0000014c 02 0000000c
00000150 05 00000000
0000014c 02 00000007
00000150 05 00000000
0000014c 02 00000002
00000150 05 00000001
00000164 03 00000006
0000013c 05 00000000
00000140 02 00000011
0000014c 02 0000000b
00000150 05 00000000
0000014c 02 00000005
00000150 05 00000001
00000164 03 00000007
0000013c 05 00000000
00000140 02 00000011
0000014c 02 0000000a
00000150 05 00000000
0000014c 02 00000003
00000150 05 00000001
00000164 03 00000008
0000013c 05 00000000
00000140 02 00000011
0000014c 02 00000009
00000150 05 00000000
0000014c 02 00000001
00000150 05 00000001
00000164 03 00000009
0000013c 05 00000000
00000140 02 00000011
0000014c 02 00000008
00000150 05 00000001
00000164 03 0000000a
0000013c 05 00000000
00000140 02 00000011
0000014c 02 00000007
00000150 05 00000001
00000164 03 0000000b
0000013c 05 00000000
00000140 02 00000011
0000014c 02 00000006
00000150 05 00000001
00000164 03 0000000c
0000013c 05 00000000
00000140 02 00000011
0000014c 02 00000005
00000150 05 00000001
00000164 03 0000000d
0000013c 05 00000000
00000140 02 00000011
0000014c 02 00000004
00000150 05 00000001
00000164 03 0000000e
0000013c 05 00000000
00000140 02 00000011
0000014c 02 00000003
00000150 05 00000001
00000164 03 0000000f
0000013c 05 00000000
00000140 02 00000011
0000014c 02 00000002
00000150 05 00000001
00000164 03 00000010
0000013c 05 00000000
00000140 02 00000011
0000014c 02 00000001
00000150 05 00000001
00000164 03 00000011
00000170 02 00000001
000001b4 02 00000000
000001b8 04 00000001
000001bc 0a 00000016
000001c0 1f 000001c8
000001a8 04 00000016
000001ac 1f 000001b4
000000cc 02 00000000
000000d8 07 00000014
000000dc 06 00000002
000000e0 08 00000002
000000e4 09 00000001
000000e8 03 00000002
00000138 03 00000002
0000013c 05 00000000
00000140 02 00000014
0000014c 02 00000012
00000150 05 00000000
0000014c 02 00000010
00000150 05 00000000
0000014c 02 0000000e
00000150 05 00000000
0000014c 02 0000000c
00000150 05 00000000
0000014c 02 0000000a
00000150 05 00000000
0000014c 02 00000008
00000150 05 00000000
0000014c 02 00000006
00000150 05 00000000
0000014c 02 00000004
00000150 05 00000000
0000014c 02 00000002
00000150 05 00000000
0000014c 02 00000000
00000150 05 00000001
0000017c 06 00000003
00000180 07 00000013
000000e8 03 00000002
000000f4 05 00000000
000000f8 02 00000003
00000104 02 00000001
00000108 05 00000001
0000011c 03 00000003
00000138 03 00000002
0000013c 05 00000000
00000140 02 00000013
0000014c 02 00000011
00000150 05 00000000
0000014c 02 0000000f
00000150 05 00000000
0000014c 02 0000000d
00000150 05 00000000
0000014c 02 0000000b
00000150 05 00000000
0000014c 02 00000009
00000150 05 00000000
0000014c 02 00000007
00000150 05 00000000
0000014c 02 00000005
00000150 05 00000000
0000014c 02 00000003
00000150 05 00000000
0000014c 02 00000001
00000150 05 00000001
00000164 03 00000003
0000013c 05 00000000
00000140 02 00000013
0000014c 02 00000010
00000150 05 00000000
0000014c 02 0000000d
00000150 05 00000000
0000014c 02 0000000a
00000150 05 00000000
0000014c 02 00000007
00000150 05 00000000
0000014c 02 00000004
00000150 05 00000000
0000014c 02 00000001
00000150 05 00000001
00000164 03 00000004
0000013c 05 00000000
00000140 02 00000013
0000014c 02 0000000f
00000150 05 00000000
0000014c 02 0000000b
00000150 05 00000000
0000014c 02 00000007
00000150 05 00000000
0000014c 02 00000003
00000150 05 00000001
00000164 03 00000005
0000013c 05 00000000
00000140 02 00000013
0000014c 02 0000000e
00000150 05 00000000
0000014c 02 00000009
00000150 05 00000000
0000014c 02 00000004
00000150 05 00000001
00000164 03 00000006
0000013c 05 00000000
00000140 02 00000013
0000014c 02 0000000d
00000150 05 00000000
0000014c 02 00000007
00000150 05 00000000
0000014c 02 00000001
00000150 05 00000001
00000164 03 00000007
0000013c 05 00000000
00000140 02 00000013
0000014c 02 0000000c
00000150 05 00000000
0000014c 02 00000005
00000150 05 00000001
00000164 03 00000008
0000013c 05 00000000
00000140 02 00000013
0000014c 02 0000000b
00000150 05 00000000
0000014c 02 00000003
00000150 05 00000001
00000164 03 00000009
0000013c 05 00000000
00000140 02 00000013
0000014c 02 0000000a
00000150 05 00000000
0000014c 02 00000001
00000150 05 00000001
00000164 03 0000000a
0000013c 05 00000000
00000140 02 00000013
0000014c 02 00000009
00000150 05 00000001
00000164 03 0000000b
0000013c 05 00000000
00000140 02 00000013
0000014c 02 00000008
00000150 05 00000001
00000164 03 0000000c
0000013c 05 00000000
00000140 02 00000013
0000014c 02 00000007
00000150 05 00000001
00000164 03 0000000d
0000013c 05 00000000
00000140 02 00000013
0000014c 02 00000006
00000150 05 00000001
00000164 03 0000000e
0000013c 05 00000000
00000140 02 00000013
0000014c 02 00000005
00000150 05 00000001
00000164 03 0000000f
0000013c 05 00000000
00000140 02 00000013
0000014c 02 00000004
00000150 05 00000001
00000164 03 00000010
0000013c 05 00000000
00000140 02 00000013
0000014c 02 00000003
00000150 05 00000001
00000164 03 00000011
0000013c 05 00000000
00000140 02 00000013
0000014c 02 00000002
00000150 05 00000001
00000164 03 00000012
0000013c 05 00000000
00000140 02 00000013
0000014c 02 00000001
00000150 05 00000001
00000164 03 00000013
00000170 02 00000001
000001b4 02 00000000
000001b8 04 00000001
000001bc 0a 00000018
000001c0 1f 000001c8
000001a8 04 00000018
000001ac 1f 000001b4
000000cc 02 00000000
000000d8 07 00000016
000000dc 06 00000002
000000e0 08 00000002
000000e4 09 00000001
000000e8 03 00000002
00000138 03 00000002
0000013c 05 00000000
00000140 02 00000016
0000014c 02 00000014
00000150 05 00000000
0000014c 02 00000012
00000150 05 00000000
0000014c 02 00000010
00000150 05 00000000
0000014c 02 0000000e
00000150 05 00000000
0000014c 02 0000000c
00000150 05 00000000
0000014c 02 0000000a
00000150 05 00000000
0000014c 02 00000008
00000150 05 00000000
0000014c 02 00000006
00000150 05 00000000
0000014c 02 00000004
00000150 05 00000000
0000014c 02 00000002
00000150 05 00000000
0000014c 02 00000000
00000150 05 00000001
0000017c 06 00000003
00000180 07 00000015
000000e8 03 00000002
000000f4 05 00000000
000000f8 02 00000003
00000104 02 00000001
00000108 05 00000001
0000011c 03 00000003
00000138 03 00000002
0000013c 05 00000000
00000140 02 00000015
0000014c 02 00000013
00000150 05 00000000
0000014c 02 00000011
00000150 05 00000000
0000014c 02 0000000f
00000150 05 00000000
0000014c 02 0000000d
00000150 05 00000000
0000014c 02 0000000b
00000150 05 00000000
0000014c 02 00000009
00000150 05 00000000
0000014c 02 00000007
00000150 05 00000000
0000014c 02 00000005
00000150 05 00000000
0000014c 02 00000003
00000150 05 00000000
0000014c 02 00000001
00000150 05 00000001
00000164 03 00000003
0000013c 05 00000000
00000140 02 00000015
0000014c 02 00000012
00000150 05 00000000
0000014c 02 0000000f
00000150 05 00000000
0000014c 02 0000000c
00000150 05 00000000
0000014c 02 00000009
00000150 05 00000000
0000014c 02 00000006
00000150 05 00000000
0000014c 02 00000003
00000150 05 00000000
0000014c 02 00000000
00000150 05 00000001
0000017c 06 00000004
00000180 07 00000014
000000e8 03 00000002
000000f4 05 00000000
000000f8 02 00000004
00000104 02 00000002
00000108 05 00000000
00000104 02 00000000
00000108 05 00000001
0000017c 06 00000005
00000180 07 00000013
000000e8 03 00000002
000000f4 05 00000000
000000f8 02 00000005
00000104 02 00000003
00000108 05 00000000
00000104 02 00000001
00000108 05 00000001
0000011c 03 00000003
000000f4 05 00000000
000000f8 02 00000005
00000104 02 00000002
00000108 05 00000001
0000011c 03 00000004
000000f4 05 00000000
000000f8 02 00000005
00000104 02 00000001
00000108 05 00000001
0000011c 03 00000005
00000138 03 00000002
0000013c 05 00000000
00000140 02 00000013
0000014c 02 00000011
00000150 05 00000000
0000014c 02 0000000f
00000150 05 00000000
0000014c 02 0000000d
00000150 05 00000000
0000014c 02 0000000b
00000150 05 00000000
0000014c 02 00000009
00000150 05 00000000
0000014c 02 00000007
00000150 05 00000000
0000014c 02 00000005
00000150 05 00000000
0000014c 02 00000003
00000150 05 00000000
0000014c 02 00000001
00000150 05 00000001
00000164 03 00000003
0000013c 05 00000000
00000140 02 00000013
0000014c 02 00000010
00000150 05 00000000
0000014c 02 0000000d
00000150 05 00000000
0000014c 02 0000000a
00000150 05 00000000
0000014c 02 00000007
00000150 05 00000000
0000014c 02 00000004
00000150 05 00000000
0000014c 02 00000001
00000150 05 00000001
00000164 03 00000004
0000013c 05 00000000
00000140 02 00000013
0000014c 02 0000000f
00000150 05 00000000
0000014c 02 0000000b
00000150 05 00000000
0000014c 02 00000007
00000150 05 00000000
0000014c 02 00000003
00000150 05 00000001
00000164 03 00000005
0000013c 05 00000000
00000140 02 00000013
0000014c 02 0000000e
00000150 05 00000000
0000014c 02 00000009
00000150 05 00000000
0000014c 02 00000004
00000150 05 00000001
00000164 03 00000006
0000013c 05 00000000
00000140 02 00000013
0000014c 02 0000000d
00000150 05 00000000
0000014c 02 00000007
00000150 05 00000000
0000014c 02 00000001
00000150 05 00000001
00000164 03 00000007
0000013c 05 00000000
00000140 02 00000013
0000014c 02 0000000c
00000150 05 00000000
0000014c 02 00000005
00000150 05 00000001
00000164 03 00000008
0000013c 05 00000000
00000140 02 00000013
0000014c 02 0000000b
00000150 05 00000000
0000014c 02 00000003
00000150 05 00000001
00000164 03 00000009
0000013c 05 00000000
00000140 02 00000013
0000014c 02 0000000a
00000150 05 00000000
0000014c 02 00000001
00000150 05 00000001
00000164 03 0000000a
0000013c 05 00000000
00000140 02 00000013
0000014c 02 00000009
00000150 05 00000001
00000164 03 0000000b
0000013c 05 00000000
00000140 02 00000013
0000014c 02 00000008
00000150 05 00000001
00000164 03 0000000c
0000013c 05 00000000
00000140 02 00000013
0000014c 02 00000007
00000150 05 00000001
00000164 03 0000000d
0000013c 05 00000000
00000140 02 00000013
0000014c 02 00000006
00000150 05 00000001
00000164 03 0000000e
0000013c 05 00000000
00000140 02 00000013
0000014c 02 00000005
00000150 05 00000001
00000164 03 0000000f
0000013c 05 00000000
00000140 02 00000013
0000014c 02 00000004
00000150 05 00000001
00000164 03 00000010
0000013c 05 00000000
00000140 02 00000013
0000014c 02 00000003
00000150 05 00000001
00000164 03 00000011
0000013c 05 00000000
00000140 02 00000013
0000014c 02 00000002
00000150 05 00000001
00000164 03 00000012
0000013c 05 00000000
00000140 02 00000013
0000014c 02 00000001
00000150 05 00000001
00000164 03 00000013
00000170 02 00000001
000001b4 02 00000000
000001b8 04 00000001
000001bc 0a 0000001a
000001c0 1f 000001c8
000001a8 04 0000001a
000001ac 1f 000001b4
000000cc 02 00000000
000000d8 07 00000018
000000dc 06 00000002
000000e0 08 00000002
000000e4 09 00000001
000000e8 03 00000002
00000138 03 00000002
0000013c 05 00000000
00000140 02 00000018
0000014c 02 00000016
00000150 05 00000000
0000014c 02 00000014
00000150 05 00000000
0000014c 02 00000012
00000150 05 00000000
0000014c 02 00000010
00000150 05 00000000
0000014c 02 0000000e
00000150 05 00000000
0000014c 02 0000000c
00000150 05 00000000
0000014c 02 0000000a
00000150 05 00000000
0000014c 02 00000008
00000150 05 00000000
0000014c 02 00000006
00000150 05 00000000
0000014c 02 00000004
00000150 05 00000000
0000014c 02 00000002
00000150 05 00000000
0000014c 02 00000000
00000150 05 00000001
0000017c 06 00000003
00000180 07 00000017
000000e8 03 00000002
000000f4 05 00000000
000000f8 02 00000003
00000104 02 00000001
00000108 05 00000001
0000011c 03 00000003
00000138 03 00000002
0000013c 05 00000000
00000140 02 00000017
0000014c 02 00000015
00000150 05 00000000
0000014c 02 00000013
00000150 05 00000000
0000014c 02 00000011
00000150 05 00000000
0000014c 02 0000000f
00000150 05 00000000
0000014c 02 0000000d
00000150 05 00000000
0000014c 02 0000000b
00000150 05 00000000
0000014c 02 00000009
00000150 05 00000000
0000014c 02 00000007
00000150 05 00000000
0000014c 02 00000005
00000150 05 00000000
0000014c 02 00000003
00000150 05 00000000
0000014c 02 00000001
00000150 05 00000001
00000164 03 00000003
0000013c 05 00000000
00000140 02 00000017
0000014c 02 00000014
00000150 05 00000000
0000014c 02 00000011
00000150 05 00000000
0000014c 02 0000000e
00000150 05 00000000
0000014c 02 0000000b
00000150 05 00000000
0000014c 02 00000008
00000150 05 00000000
0000014c 02 00000005
00000150 05 00000000
0000014c 02 00000002
00000150 05 00000001
00000164 03 00000004
0000013c 05 00000000
00000140 02 00000017
0000014c 02 00000013
00000150 05 00000000
0000014c 02 0000000f
00000150 05 00000000
0000014c 02 0000000b
00000150 05 00000000
0000014c 02 00000007
00000150 05 00000000
0000014c 02 00000003
00000150 05 00000001
00000164 03 00000005
0000013c 05 00000000
00000140 02 00000017
0000014c 02 00000012
00000150 05 00000000
0000014c 02 0000000d
00000150 05 00000000
0000014c 02 00000008
00000150 05 00000000
0000014c 02 00000003
00000150 05 00000001
00000164 03 00000006
0000013c 05 00000000
00000140 02 00000017
0000014c 02 00000011
00000150 05 00000000
0000014c 02 0000000b
00000150 05 00000000
0000014c 02 00000005
00000150 05 00000001
00000164 03 00000007
0000013c 05 00000000
00000140 02 00000017
0000014c 02 00000010
00000150 05 00000000
0000014c 02 00000009
00000150 05 00000000
0000014c 02 00000002
00000150 05 00000001
00000164 03 00000008
0000013c 05 00000000
00000140 02 00000017
0000014c 02 0000000f
00000150 05 00000000
0000014c 02 00000007
00000150 05 00000001
00000164 03 00000009
0000013c 05 00000000
00000140 02 00000017
0000014c 02 0000000e
00000150 05 00000000
0000014c 02 00000005
00000150 05 00000001
00000164 03 0000000a
0000013c 05 00000000
00000140 02 00000017
0000014c 02 0000000d
00000150 05 00000000
0000014c 02 00000003
00000150 05 00000001
00000164 03 0000000b
0000013c 05 00000000
00000140 02 00000017
0000014c 02 0000000c
00000150 05 00000000
0000014c 02 00000001
00000150 05 00000001
00000164 03 0000000c
0000013c 05 00000000
00000140 02 00000017
0000014c 02 0000000b
00000150 05 00000001
00000164 03 0000000d
0000013c 05 00000000
00000140 02 00000017
0000014c 02 0000000a
00000150 05 00000001
00000164 03 0000000e
0000013c 05 00000000
00000140 02 00000017
0000014c 02 00000009
00000150 05 00000001
00000164 03 0000000f
0000013c 05 00000000
00000140 02 00000017
0000014c 02 00000008
00000150 05 00000001
00000164 03 00000010
0000013c 05 00000000
00000140 02 00000017
0000014c 02 00000007
00000150 05 00000001
00000164 03 00000011
0000013c 05 00000000
00000140 02 00000017
0000014c 02 00000006
00000150 05 00000001
00000164 03 00000012
0000013c 05 00000000
00000140 02 00000017
0000014c 02 00000005
00000150 05 00000001
00000164 03 00000013
0000013c 05 00000000
00000140 02 00000017
0000014c 02 00000004
00000150 05 00000001
00000164 03 00000014
0000013c 05 00000000
00000140 02 00000017
0000014c 02 00000003
00000150 05 00000001
00000164 03 00000015
0000013c 05 00000000
00000140 02 00000017
0000014c 02 00000002
00000150 05 00000001
00000164 03 00000016
0000013c 05 00000000
00000140 02 00000017
0000014c 02 00000001
00000150 05 00000001
00000164 03 00000017
00000170 02 00000001
000001b4 02 00000000
000001b8 04 00000001
000001bc 0a 0000001c
000001c0 1f 000001c8
000001a8 04 0000001c
000001ac 1f 000001b4
000000cc 02 00000000
000000d8 07 0000001a
000000dc 06 00000002
000000e0 08 00000002
000000e4 09 00000001
000000e8 03 00000002
00000138 03 00000002
0000013c 05 00000000
00000140 02 0000001a
0000014c 02 00000018
00000150 05 00000000
0000014c 02 00000016
00000150 05 00000000
0000014c 02 00000014
00000150 05 00000000
0000014c 02 00000012
00000150 05 00000000
0000014c 02 00000010
00000150 05 00000000
0000014c 02 0000000e
00000150 05 00000000
0000014c 02 0000000c
00000150 05 00000000
0000014c 02 0000000a
00000150 05 00000000
0000014c 02 00000008
00000150 05 00000000
0000014c 02 00000006
00000150 05 00000000
0000014c 02 00000004
00000150 05 00000000
0000014c 02 00000002
00000150 05 00000000
0000014c 02 00000000
00000150 05 00000001
0000017c 06 00000003
00000180 07 00000019
000000e8 03 00000002
000000f4 05 00000000
000000f8 02 00000003
00000104 02 00000001
00000108 05 00000001
0000011c 03 00000003
00000138 03 00000002
0000013c 05 00000000
00000140 02 00000019
0000014c 02 00000017
00000150 05 00000000
0000014c 02 00000015
00000150 05 00000000
0000014c 02 00000013
00000150 05 00000000
0000014c 02 00000011
00000150 05 00000000
0000014c 02 0000000f
00000150 05 00000000
0000014c 02 0000000d
00000150 05 00000000
0000014c 02 0000000b
00000150 05 00000000
0000014c 02 00000009
00000150 05 00000000
0000014c 02 00000007
00000150 05 00000000
0000014c 02 00000005
00000150 05 00000000
0000014c 02 00000003
00000150 05 00000000
0000014c 02 00000001
00000150 05 00000001
00000164 03 00000003
0000013c 05 00000000
00000140 02 00000019
0000014c 02 00000016
00000150 05 00000000
0000014c 02 00000013
00000150 05 00000000
0000014c 02 00000010
00000150 05 00000000
0000014c 02 0000000d
00000150 05 00000000
0000014c 02 0000000a
00000150 05 00000000
0000014c 02 00000007
00000150 05 00000000
0000014c 02 00000004
00000150 05 00000000
0000014c 02 00000001
00000150 05 00000001
00000164 03 00000004
0000013c 05 00000000
00000140 02 00000019
0000014c 02 00000015
00000150 05 00000000
0000014c 02 00000011
00000150 05 00000000
0000014c 02 0000000d
00000150 05 00000000
0000014c 02 00000009
00000150 05 00000000
0000014c 02 00000005
00000150 05 00000000
0000014c 02 00000001
00000150 05 00000001
00000164 03 00000005
0000013c 05 00000000
00000140 02 00000019
0000014c 02 00000014
00000150 05 00000000
0000014c 02 0000000f
00000150 05 00000000
0000014c 02 0000000a
00000150 05 00000000
0000014c 02 00000005
00000150 05 00000000
0000014c 02 00000000
00000150 05 00000001
0000017c 06 00000004
00000180 07 00000018
000000e8 03 00000002
000000f4 05 00000000
000000f8 02 00000004
00000104 02 00000002
00000108 05 00000000
00000104 02 00000000
00000108 05 00000001
0000017c 06 00000005
00000180 07 00000017
000000e8 03 00000002
000000f4 05 00000000
000000f8 02 00000005
00000104 02 00000003
00000108 05 00000000
00000104 02 00000001
00000108 05 00000001
0000011c 03 00000003
000000f4 05 00000000
000000f8 02 00000005
00000104 02 00000002
00000108 05 00000001
0000011c 03 00000004
000000f4 05 00000000
000000f8 02 00000005
00000104 02 00000001
00000108 05 00000001
0000011c 03 00000005
00000138 03 00000002
0000013c 05 00000000
00000140 02 00000017
0000014c 02 00000015
00000150 05 00000000
0000014c 02 00000013
00000150 05 00000000
0000014c 02 00000011
00000150 05 00000000
0000014c 02 0000000f
00000150 05 00000000
0000014c 02 0000000d
00000150 05 00000000
0000014c 02 0000000b
00000150 05 00000000
0000014c 02 00000009
00000150 05 00000000
0000014c 02 00000007
00000150 05 00000000
0000014c 02 00000005
00000150 05 00000000
0000014c 02 00000003
00000150 05 00000000
0000014c 02 00000001
00000150 05 00000001
00000164 03 00000003
0000013c 05 00000000
00000140 02 00000017
0000014c 02 00000014
00000150 05 00000000
0000014c 02 00000011
00000150 05 00000000
0000014c 02 0000000e
00000150 05 00000000
0000014c 02 0000000b
00000150 05 00000000
0000014c 02 00000008
00000150 05 00000000
0000014c 02 00000005
00000150 05 00000000
0000014c 02 00000002
00000150 05 00000001
00000164 03 00000004
0000013c 05 00000000
00000140 02 00000017
0000014c 02 00000013
00000150 05 00000000
0000014c 02 0000000f
00000150 05 00000000
0000014c 02 0000000b
00000150 05 00000000
0000014c 02 00000007
00000150 05 00000000
0000014c 02 00000003
00000150 05 00000001
00000164 03 00000005
0000013c 05 00000000
00000140 02 00000017
0000014c 02 00000012
00000150 05 00000000
0000014c 02 0000000d
00000150 05 00000000
0000014c 02 00000008
00000150 05 00000000
0000014c 02 00000003
00000150 05 00000001
00000164 03 00000006
0000013c 05 00000000
00000140 02 00000017
0000014c 02 00000011
00000150 05 00000000
0000014c 02 0000000b
00000150 05 00000000
0000014c 02 00000005
00000150 05 00000001
00000164 03 00000007
0000013c 05 00000000
00000140 02 00000017
0000014c 02 00000010
00000150 05 00000000
0000014c 02 00000009
00000150 05 00000000
0000014c 02 00000002
00000150 05 00000001
00000164 03 00000008
0000013c 05 00000000
00000140 02 00000017
0000014c 02 0000000f
00000150 05 00000000
0000014c 02 00000007
00000150 05 00000001
00000164 03 00000009
0000013c 05 00000000
00000140 02 00000017
0000014c 02 0000000e
00000150 05 00000000
0000014c 02 00000005
00000150 05 00000001
00000164 03 0000000a
0000013c 05 00000000
00000140 02 00000017
0000014c 02 0000000d
00000150 05 00000000
0000014c 02 00000003
00000150 05 00000001
00000164 03 0000000b
0000013c 05 00000000
00000140 02 00000017
0000014c 02 0000000c
00000150 05 00000000
0000014c 02 00000001
00000150 05 00000001
00000164 03 0000000c
0000013c 05 00000000
00000140 02 00000017
0000014c 02 0000000b
00000150 05 00000001
00000164 03 0000000d
0000013c 05 00000000
00000140 02 00000017
0000014c 02 0000000a
00000150 05 00000001
00000164 03 0000000e
0000013c 05 00000000
00000140 02 00000017
0000014c 02 00000009
00000150 05 00000001
00000164 03 0000000f
0000013c 05 00000000
00000140 02 00000017
0000014c 02 00000008
00000150 05 00000001
00000164 03 00000010
0000013c 05 00000000
00000140 02 00000017
0000014c 02 00000007
00000150 05 00000001
00000164 03 00000011
0000013c 05 00000000
00000140 02 00000017
0000014c 02 00000006
00000150 05 00000001
00000164 03 00000012
0000013c 05 00000000
00000140 02 00000017
0000014c 02 00000005
00000150 05 00000001
00000164 03 00000013
0000013c 05 00000000
00000140 02 00000017
0000014c 02 00000004
00000150 05 00000001
00000164 03 00000014
0000013c 05 00000000
00000140 02 00000017
0000014c 02 00000003
00000150 05 00000001
00000164 03 00000015
0000013c 05 00000000
00000140 02 00000017
0000014c 02 00000002
00000150 05 00000001
00000164 03 00000016
0000013c 05 00000000
00000140 02 00000017
0000014c 02 00000001
00000150 05 00000001
00000164 03 00000017
00000170 02 00000001
000001b4 02 00000000
000001b8 04 00000001
000001bc 0a 0000001e
000001c0 1f 000001c8
000001a8 04 0000001e
000001ac 1f 000001b4
000000cc 02 00000000
000000d8 07 0000001c
000000dc 06 00000002
000000e0 08 00000002
000000e4 09 00000001
000000e8 03 00000002
00000138 03 00000002
0000013c 05 00000000
00000140 02 0000001c
0000014c 02 0000001a
00000150 05 00000000
0000014c 02 00000018
00000150 05 00000000
0000014c 02 00000016
00000150 05 00000000
0000014c 02 00000014
00000150 05 00000000
0000014c 02 00000012
00000150 05 00000000
0000014c 02 00000010
00000150 05 00000000
0000014c 02 0000000e
00000150 05 00000000
0000014c 02 0000000c
00000150 05 00000000
0000014c 02 0000000a
00000150 05 00000000
0000014c 02 00000008
00000150 05 00000000
0000014c 02 00000006
00000150 05 00000000
0000014c 02 00000004
00000150 05 00000000
0000014c 02 00000002
00000150 05 00000000
0000014c 02 00000000
00000150 05 00000001
0000017c 06 00000003
00000180 07 0000001b
000000e8 03 00000002
000000f4 05 00000000
000000f8 02 00000003
00000104 02 00000001
00000108 05 00000001
0000011c 03 00000003
00000138 03 00000002
0000013c 05 00000000
00000140 02 0000001b
0000014c 02 00000019
00000150 05 00000000
0000014c 02 00000017
00000150 05 00000000
0000014c 02 00000015
00000150 05 00000000
0000014c 02 00000013
00000150 05 00000000
0000014c 02 00000011
00000150 05 00000000
0000014c 02 0000000f
00000150 05 00000000
0000014c 02 0000000d
00000150 05 00000000
0000014c 02 0000000b
00000150 05 00000000
0000014c 02 00000009
00000150 05 00000000
0000014c 02 00000007
00000150 05 00000000
0000014c 02 00000005
00000150 05 00000000
0000014c 02 00000003
00000150 05 00000000
0000014c 02 00000001
00000150 05 00000001
00000164 03 00000003
0000013c 05 00000000
00000140 02 0000001b
0000014c 02 00000018
00000150 05 00000000
0000014c 02 00000015
00000150 05 00000000
0000014c 02 00000012
00000150 05 00000000
0000014c 02 0000000f
00000150 05 00000000
0000014c 02 0000000c
00000150 05 00000000
0000014c 02 00000009
00000150 05 00000000
0000014c 02 00000006
00000150 05 00000000
0000014c 02 00000003
00000150 05 00000000
0000014c 02 00000000
00000150 05 00000001
0000017c 06 00000004
00000180 07 0000001a
000000e8 03 00000002
000000f4 05 00000000
000000f8 02 00000004
00000104 02 00000002
00000108 05 00000000
00000104 02 00000000
00000108 05 00000001
0000017c 06 00000005
00000180 07 00000019
000000e8 03 00000002
000000f4 05 00000000
000000f8 02 00000005
00000104 02 00000003
00000108 05 00000000
00000104 02 00000001
00000108 05 00000001
0000011c 03 00000003
000000f4 05 00000000
000000f8 02 00000005
00000104 02 00000002
00000108 05 00000001
0000011c 03 00000004
000000f4 05 00000000
000000f8 02 00000005
00000104 02 00000001
00000108 05 00000001
0000011c 03 00000005
00000138 03 00000002
0000013c 05 00000000
00000140 02 00000019
0000014c 02 00000017
00000150 05 00000000
0000014c 02 00000015
00000150 05 00000000
0000014c 02 00000013
00000150 05 00000000
0000014c 02 00000011
00000150 05 00000000
0000014c 02 0000000f
00000150 05 00000000
0000014c 02 0000000d
00000150 05 00000000
0000014c 02 0000000b
00000150 05 00000000
0000014c 02 00000009
00000150 05 00000000
0000014c 02 00000007
00000150 05 00000000
0000014c 02 00000005
00000150 05 00000000
0000014c 02 00000003
00000150 05 00000000
0000014c 02 00000001
00000150 05 00000001
00000164 03 00000003
0000013c 05 00000000
00000140 02 00000019
0000014c 02 00000016
00000150 05 00000000
0000014c 02 00000013
00000150 05 00000000
0000014c 02 00000010
00000150 05 00000000
0000014c 02 0000000d
00000150 05 00000000
0000014c 02 0000000a
00000150 05 00000000
0000014c 02 00000007
00000150 05 00000000
0000014c 02 00000004
00000150 05 00000000
0000014c 02 00000001
00000150 05 00000001
00000164 03 00000004
0000013c 05 00000000
00000140 02 00000019
0000014c 02 00000015
00000150 05 00000000
0000014c 02 00000011
00000150 05 00000000
0000014c 02 0000000d
00000150 05 00000000
0000014c 02 00000009
00000150 05 00000000
0000014c 02 00000005
00000150 05 00000000
0000014c 02 00000001
00000150 05 00000001
00000164 03 00000005
0000013c 05 00000000
00000140 02 00000019
0000014c 02 00000014
00000150 05 00000000
0000014c 02 0000000f
00000150 05 00000000
0000014c 02 0000000a
00000150 05 00000000
0000014c 02 00000005
00000150 05 00000000
0000014c 02 00000000
00000150 05 00000001
0000017c 06 00000006
00000180 07 00000018
000000e8 03 00000002
000000f4 05 00000000
000000f8 02 00000006
00000104 02 00000004
00000108 05 00000000
00000104 02 00000002
00000108 05 00000000
00000104 02 00000000
00000108 05 00000001
0000017c 06 00000007
00000180 07 00000017
000000e8 03 00000002
000000f4 05 00000000
000000f8 02 00000007
00000104 02 00000005
00000108 05 00000000
00000104 02 00000003
00000108 05 00000000
00000104 02 00000001
00000108 05 00000001
0000011c 03 00000003
000000f4 05 00000000
000000f8 02 00000007
00000104 02 00000004
00000108 05 00000000
00000104 02 00000001
00000108 05 00000001
0000011c 03 00000004
000000f4 05 00000000
000000f8 02 00000007
00000104 02 00000003
00000108 05 00000001
0000011c 03 00000005
000000f4 05 00000000
000000f8 02 00000007
00000104 02 00000002
00000108 05 00000001
0000011c 03 00000006
000000f4 05 00000000
000000f8 02 00000007
00000104 02 00000001
00000108 05 00000001
0000011c 03 00000007
00000138 03 00000002
0000013c 05 00000000
00000140 02 00000017
0000014c 02 00000015
00000150 05 00000000
0000014c 02 00000013
00000150 05 00000000
0000014c 02 00000011
00000150 05 00000000
0000014c 02 0000000f
00000150 05 00000000
0000014c 02 0000000d
00000150 05 00000000
0000014c 02 0000000b
00000150 05 00000000
0000014c 02 00000009
00000150 05 00000000
0000014c 02 00000007
00000150 05 00000000
0000014c 02 00000005
00000150 05 00000000
0000014c 02 00000003
00000150 05 00000000
0000014c 02 00000001
00000150 05 00000001
00000164 03 00000003
0000013c 05 00000000
00000140 02 00000017
0000014c 02 00000014
00000150 05 00000000
0000014c 02 00000011
00000150 05 00000000
0000014c 02 0000000e
00000150 05 00000000
0000014c 02 0000000b
00000150 05 00000000
0000014c 02 00000008
00000150 05 00000000
0000014c 02 00000005
00000150 05 00000000
0000014c 02 00000002
00000150 05 00000001
00000164 03 00000004
0000013c 05 00000000
00000140 02 00000017
0000014c 02 00000013
00000150 05 00000000
0000014c 02 0000000f
00000150 05 00000000
0000014c 02 0000000b
00000150 05 00000000
0000014c 02 00000007
00000150 05 00000000
0000014c 02 00000003
00000150 05 00000001
00000164 03 00000005
0000013c 05 00000000
00000140 02 00000017
0000014c 02 00000012
00000150 05 00000000
0000014c 02 0000000d
00000150 05 00000000
0000014c 02 00000008
00000150 05 00000000
0000014c 02 00000003
00000150 05 00000001
00000164 03 00000006
0000013c 05 00000000
00000140 02 00000017
0000014c 02 00000011
00000150 05 00000000
0000014c 02 0000000b
00000150 05 00000000
0000014c 02 00000005
00000150 05 00000001
00000164 03 00000007
0000013c 05 00000000
00000140 02 00000017
0000014c 02 00000010
00000150 05 00000000
0000014c 02 00000009
00000150 05 00000000
0000014c 02 00000002
00000150 05 00000001
00000164 03 00000008
0000013c 05 00000000
00000140 02 00000017
0000014c 02 0000000f
00000150 05 00000000
0000014c 02 00000007
00000150 05 00000001
00000164 03 00000009
0000013c 05 00000000
00000140 02 00000017
0000014c 02 0000000e
00000150 05 00000000
0000014c 02 00000005
00000150 05 00000001
00000164 03 0000000a
0000013c 05 00000000
00000140 02 00000017
0000014c 02 0000000d
00000150 05 00000000
0000014c 02 00000003
00000150 05 00000001
00000164 03 0000000b
0000013c 05 00000000
00000140 02 00000017
0000014c 02 0000000c
00000150 05 00000000
0000014c 02 00000001
00000150 05 00000001
00000164 03 0000000c
0000013c 05 00000000
00000140 02 00000017
0000014c 02 0000000b
00000150 05 00000001
00000164 03 0000000d
0000013c 05 00000000
00000140 02 00000017
0000014c 02 0000000a
00000150 05 00000001
00000164 03 0000000e
0000013c 05 00000000
00000140 02 00000017
0000014c 02 00000009
00000150 05 00000001
00000164 03 0000000f
0000013c 05 00000000
00000140 02 00000017
0000014c 02 00000008
00000150 05 00000001
00000164 03 00000010
0000013c 05 00000000
00000140 02 00000017
0000014c 02 00000007
00000150 05 00000001
00000164 03 00000011
0000013c 05 00000000
00000140 02 00000017
0000014c 02 00000006
00000150 05 00000001
00000164 03 00000012
0000013c 05 00000000
00000140 02 00000017
0000014c 02 00000005
00000150 05 00000001
00000164 03 00000013
0000013c 05 00000000
00000140 02 00000017
0000014c 02 00000004
00000150 05 00000001
00000164 03 00000014
0000013c 05 00000000
00000140 02 00000017
0000014c 02 00000003
00000150 05 00000001
00000164 03 00000015
0000013c 05 00000000
00000140 02 00000017
0000014c 02 00000002
00000150 05 00000001
00000164 03 00000016
0000013c 05 00000000
00000140 02 00000017
0000014c 02 00000001
00000150 05 00000001
00000164 03 00000017
00000170 02 00000001
000001b4 02 00000000
000001b8 04 00000001
000001bc 0a 00000020
000001c0 1f 000001c8
000001d0 1f 00000018
000001d4 02 00000000
000001d8 1d 00004000
00000018 1f 00000020
00000054 02 00000000
