00000000 1d 00004000
00000010 1f 00000018
000000cc 1d 00003fe8
000000d0 06 00000000
000000d4 06 000001b0
000000dc 05 0000075e
000000e0 07 000007db
000000e4 02 00000002
000000e8 04 00000762
0000014c 04 000005d2
00000150 02 00000000
0000014c 04 00000442
00000150 02 00000000
0000014c 04 000002b2
00000150 02 00000000
0000014c 04 00000122
00000150 02 00000001
0000015c 02 00000000
00000160 04 00000000
00000164 04 00000000
00000168 04 00000001
0000016c 05 0000075f
00000170 1f 00000178
00000178 06 000001b4
000000e4 02 00000003
000000e8 04 00000763
0000014c 04 000005d3
00000150 02 00000000
0000014c 04 00000443
00000150 02 00000000
0000014c 04 000002b3
00000150 02 00000000
0000014c 04 00000123
00000150 02 00000001
0000015c 02 00000000
00000160 04 00000000
00000164 04 00000000
00000168 04 00000001
0000016c 05 00000760
00000170 1f 00000178
00000178 06 000001b8
000000e4 02 00000000
000000e8 04 00000764
000000f4 02 00000764
000000f8 02 00000700
000000fc 03 00000000
000000f8 02 0000069c
000000fc 03 00000000
000000f8 02 00000638
000000fc 03 00000000
000000f8 02 000005d4
000000fc 03 00000000
000000f8 02 00000570
000000fc 03 00000000
000000f8 02 0000050c
000000fc 03 00000000
000000f8 02 000004a8
000000fc 03 00000000
000000f8 02 00000444
000000fc 03 00000000
000000f8 02 000003e0
000000fc 03 00000000
000000f8 02 0000037c
000000fc 03 00000000
000000f8 02 00000318
000000fc 03 00000000
000000f8 02 000002b4
000000fc 03 00000000
000000f8 02 00000250
000000fc 03 00000000
000000f8 02 000001ec
000000fc 03 00000000
000000f8 02 00000188
000000fc 03 00000000
000000f8 02 00000124
000000fc 03 00000000
000000f8 02 000000c0
000000fc 03 00000000
000000f8 02 0000005c
000000fc 03 00000001
00000110 02 00000001
00000114 04 00000001
00000118 04 00000000
0000011c 04 00000001
00000120 05 00000761
00000124 1f 0000012c
0000012c 06 000001bc
000000e4 02 00000001
000000e8 04 00000765
0000014c 04 000005d5
00000150 02 00000000
0000014c 04 00000445
00000150 02 00000000
0000014c 04 000002b5
00000150 02 00000000
0000014c 04 00000125
00000150 02 00000001
0000015c 02 00000000
00000160 04 00000000
00000164 04 00000000
00000168 04 00000001
0000016c 05 00000762
00000170 1f 00000178
00000178 06 000001c0
000000e4 02 00000002
000000e8 04 00000766
0000014c 04 000005d6
00000150 02 00000000
0000014c 04 00000446
00000150 02 00000000
0000014c 04 000002b6
00000150 02 00000000
0000014c 04 00000126
00000150 02 00000001
0000015c 02 00000000
00000160 04 00000000
00000164 04 00000000
00000168 04 00000001
0000016c 05 00000763
00000170 1f 00000178
00000178 06 000001c4
000000e4 02 00000003
000000e8 04 00000767
0000014c 04 000005d7
00000150 02 00000000
0000014c 04 00000447
00000150 02 00000000
0000014c 04 000002b7
00000150 02 00000000
0000014c 04 00000127
00000150 02 00000001
0000015c 02 00000000
00000160 04 00000000
00000164 04 00000000
00000168 04 00000001
0000016c 05 00000764
00000170 1f 00000178
00000178 06 000001c8
000000e4 02 00000000
000000e8 04 00000768
000000f4 02 00000768
000000f8 02 00000704
000000fc 03 00000000
000000f8 02 000006a0
000000fc 03 00000000
000000f8 02 0000063c
000000fc 03 00000000
000000f8 02 000005d8
000000fc 03 00000000
000000f8 02 00000574
000000fc 03 00000000
000000f8 02 00000510
000000fc 03 00000000
000000f8 02 000004ac
000000fc 03 00000000
000000f8 02 00000448
000000fc 03 00000000
000000f8 02 000003e4
000000fc 03 00000000
000000f8 02 00000380
000000fc 03 00000000
000000f8 02 0000031c
000000fc 03 00000000
000000f8 02 000002b8
000000fc 03 00000000
000000f8 02 00000254
000000fc 03 00000000
000000f8 02 000001f0
000000fc 03 00000000
000000f8 02 0000018c
000000fc 03 00000000
000000f8 02 00000128
000000fc 03 00000000
000000f8 02 000000c4
000000fc 03 00000000
000000f8 02 00000060
000000fc 03 00000001
00000110 02 00000001
00000114 04 00000001
00000118 04 00000000
0000011c 04 00000001
00000120 05 00000765
00000124 1f 0000012c
0000012c 06 000001cc
000000e4 02 00000001
000000e8 04 00000769
0000014c 04 000005d9
00000150 02 00000000
0000014c 04 00000449
00000150 02 00000000
0000014c 04 000002b9
00000150 02 00000000
0000014c 04 00000129
00000150 02 00000001
0000015c 02 00000000
00000160 04 00000000
00000164 04 00000000
00000168 04 00000001
0000016c 05 00000766
00000170 1f 00000178
00000178 06 000001d0
000000e4 02 00000002
000000e8 04 0000076a
0000014c 04 000005da
00000150 02 00000000
0000014c 04 0000044a
00000150 02 00000000
0000014c 04 000002ba
00000150 02 00000000
0000014c 04 0000012a
00000150 02 00000001
0000015c 02 00000000
00000160 04 00000000
00000164 04 00000000
00000168 04 00000001
0000016c 05 00000767
00000170 1f 00000178
00000178 06 000001d4
000000e4 02 00000003
000000e8 04 0000076b
0000014c 04 000005db
00000150 02 00000000
0000014c 04 0000044b
00000150 02 00000000
0000014c 04 000002bb
00000150 02 00000000
0000014c 04 0000012b
00000150 02 00000001
0000015c 02 00000000
00000160 04 00000000
00000164 04 00000000
00000168 04 00000001
0000016c 05 00000768
00000170 1f 00000178
00000178 06 000001d8
000000e4 02 00000000
000000e8 04 0000076c
000000f4 02 0000076c
000000f8 02 00000708
000000fc 03 00000000
000000f8 02 000006a4
000000fc 03 00000000
000000f8 02 00000640
000000fc 03 00000000
000000f8 02 000005dc
000000fc 03 00000000
000000f8 02 00000578
000000fc 03 00000000
000000f8 02 00000514
000000fc 03 00000000
000000f8 02 000004b0
000000fc 03 00000000
000000f8 02 0000044c
000000fc 03 00000000
000000f8 02 000003e8
000000fc 03 00000000
000000f8 02 00000384
000000fc 03 00000000
000000f8 02 00000320
000000fc 03 00000000
000000f8 02 000002bc
000000fc 03 00000000
000000f8 02 00000258
000000fc 03 00000000
000000f8 02 000001f4
000000fc 03 00000000
000000f8 02 00000190
000000fc 03 00000000
000000f8 02 0000012c
000000fc 03 00000000
000000f8 02 000000c8
000000fc 03 00000000
000000f8 02 00000064
000000fc 03 00000000
000000f8 02 00000000
000000fc 03 00000001
0000014c 04 000005dc
00000150 02 00000000
0000014c 04 0000044c
00000150 02 00000000
0000014c 04 000002bc
00000150 02 00000000
0000014c 04 0000012c
00000150 02 00000001
0000015c 02 00000000
00000160 04 00000000
00000164 04 00000000
00000168 04 00000001
0000016c 05 00000769
00000170 1f 00000178
00000178 06 000001dc
000000e4 02 00000001
000000e8 04 0000076d
0000014c 04 000005dd
00000150 02 00000000
0000014c 04 0000044d
00000150 02 00000000
0000014c 04 000002bd
00000150 02 00000000
0000014c 04 0000012d
00000150 02 00000001
0000015c 02 00000000
00000160 04 00000000
00000164 04 00000000
00000168 04 00000001
0000016c 05 0000076a
00000170 1f 00000178
00000178 06 000001e0
000000e4 02 00000002
000000e8 04 0000076e
0000014c 04 000005de
00000150 02 00000000
0000014c 04 0000044e
00000150 02 00000000
0000014c 04 000002be
00000150 02 00000000
0000014c 04 0000012e
00000150 02 00000001
0000015c 02 00000000
00000160 04 00000000
00000164 04 00000000
00000168 04 00000001
0000016c 05 0000076b
00000170 1f 00000178
00000178 06 000001e4
000000e4 02 00000003
000000e8 04 0000076f
0000014c 04 000005df
00000150 02 00000000
0000014c 04 0000044f
00000150 02 00000000
0000014c 04 000002bf
00000150 02 00000000
0000014c 04 0000012f
00000150 02 00000001
0000015c 02 00000000
00000160 04 00000000
00000164 04 00000000
00000168 04 00000001
0000016c 05 0000076c
00000170 1f 00000178
00000178 06 000001e8
000000e4 02 00000000
000000e8 04 00000770
000000f4 02 00000770
000000f8 02 0000070c
000000fc 03 00000000
000000f8 02 000006a8
000000fc 03 00000000
000000f8 02 00000644
000000fc 03 00000000
000000f8 02 000005e0
000000fc 03 00000000
000000f8 02 0000057c
000000fc 03 00000000
000000f8 02 00000518
000000fc 03 00000000
000000f8 02 000004b4
000000fc 03 00000000
000000f8 02 00000450
000000fc 03 00000000
000000f8 02 000003ec
000000fc 03 00000000
000000f8 02 00000388
000000fc 03 00000000
000000f8 02 00000324
000000fc 03 00000000
000000f8 02 000002c0
000000fc 03 00000000
000000f8 02 0000025c
000000fc 03 00000000
000000f8 02 000001f8
000000fc 03 00000000
000000f8 02 00000194
000000fc 03 00000000
000000f8 02 00000130
000000fc 03 00000000
000000f8 02 000000cc
000000fc 03 00000000
000000f8 02 00000068
000000fc 03 00000000
000000f8 02 00000004
000000fc 03 00000001
00000110 02 00000001
00000114 04 00000001
00000118 04 00000000
0000011c 04 00000001
00000120 05 0000076d
00000124 1f 0000012c
0000012c 06 000001ec
000000e4 02 00000001
000000e8 04 00000771
0000014c 04 000005e1
00000150 02 00000000
0000014c 04 00000451
00000150 02 00000000
0000014c 04 000002c1
00000150 02 00000000
0000014c 04 00000131
00000150 02 00000001
0000015c 02 00000000
00000160 04 00000000
00000164 04 00000000
00000168 04 00000001
0000016c 05 0000076e
00000170 1f 00000178
00000178 06 000001f0
000000e4 02 00000002
000000e8 04 00000772
0000014c 04 000005e2
00000150 02 00000000
0000014c 04 00000452
00000150 02 00000000
0000014c 04 000002c2
00000150 02 00000000
0000014c 04 00000132
00000150 02 00000001
0000015c 02 00000000
00000160 04 00000000
00000164 04 00000000
00000168 04 00000001
0000016c 05 0000076f
00000170 1f 00000178
00000178 06 000001f4
000000e4 02 00000003
000000e8 04 00000773
0000014c 04 000005e3
00000150 02 00000000
0000014c 04 00000453
00000150 02 00000000
0000014c 04 000002c3
00000150 02 00000000
0000014c 04 00000133
00000150 02 00000001
0000015c 02 00000000
00000160 04 00000000
00000164 04 00000000
00000168 04 00000001
0000016c 05 00000770
00000170 1f 00000178
00000178 06 000001f8
000000e4 02 00000000
000000e8 04 00000774
000000f4 02 00000774
000000f8 02 00000710
000000fc 03 00000000
000000f8 02 000006ac
000000fc 03 00000000
000000f8 02 00000648
000000fc 03 00000000
000000f8 02 000005e4
000000fc 03 00000000
000000f8 02 00000580
000000fc 03 00000000
000000f8 02 0000051c
000000fc 03 00000000
000000f8 02 000004b8
000000fc 03 00000000
000000f8 02 00000454
000000fc 03 00000000
000000f8 02 000003f0
000000fc 03 00000000
000000f8 02 0000038c
000000fc 03 00000000
000000f8 02 00000328
000000fc 03 00000000
000000f8 02 000002c4
000000fc 03 00000000
000000f8 02 00000260
000000fc 03 00000000
000000f8 02 000001fc
000000fc 03 00000000
000000f8 02 00000198
000000fc 03 00000000
000000f8 02 00000134
000000fc 03 00000000
000000f8 02 000000d0
000000fc 03 00000000
000000f8 02 0000006c
000000fc 03 00000000
000000f8 02 00000008
000000fc 03 00000001
00000110 02 00000001
00000114 04 00000001
00000118 04 00000000
0000011c 04 00000001
00000120 05 00000771
00000124 1f 0000012c
0000012c 06 000001fc
000000e4 02 00000001
000000e8 04 00000775
0000014c 04 000005e5
00000150 02 00000000
0000014c 04 00000455
00000150 02 00000000
0000014c 04 000002c5
00000150 02 00000000
0000014c 04 00000135
00000150 02 00000001
0000015c 02 00000000
00000160 04 00000000
00000164 04 00000000
00000168 04 00000001
0000016c 05 00000772
00000170 1f 00000178
00000178 06 00000200
000000e4 02 00000002
000000e8 04 00000776
0000014c 04 000005e6
00000150 02 00000000
0000014c 04 00000456
00000150 02 00000000
0000014c 04 000002c6
00000150 02 00000000
0000014c 04 00000136
00000150 02 00000001
0000015c 02 00000000
00000160 04 00000000
00000164 04 00000000
00000168 04 00000001
0000016c 05 00000773
00000170 1f 00000178
00000178 06 00000204
000000e4 02 00000003
000000e8 04 00000777
0000014c 04 000005e7
00000150 02 00000000
0000014c 04 00000457
00000150 02 00000000
0000014c 04 000002c7
00000150 02 00000000
0000014c 04 00000137
00000150 02 00000001
0000015c 02 00000000
00000160 04 00000000
00000164 04 00000000
00000168 04 00000001
0000016c 05 00000774
00000170 1f 00000178
00000178 06 00000208
000000e4 02 00000000
000000e8 04 00000778
000000f4 02 00000778
000000f8 02 00000714
000000fc 03 00000000
000000f8 02 000006b0
000000fc 03 00000000
000000f8 02 0000064c
000000fc 03 00000000
000000f8 02 000005e8
000000fc 03 00000000
000000f8 02 00000584
000000fc 03 00000000
000000f8 02 00000520
000000fc 03 00000000
000000f8 02 000004bc
000000fc 03 00000000
000000f8 02 00000458
000000fc 03 00000000
000000f8 02 000003f4
000000fc 03 00000000
000000f8 02 00000390
000000fc 03 00000000
000000f8 02 0000032c
000000fc 03 00000000
000000f8 02 000002c8
000000fc 03 00000000
000000f8 02 00000264
000000fc 03 00000000
000000f8 02 00000200
000000fc 03 00000000
000000f8 02 0000019c
000000fc 03 00000000
000000f8 02 00000138
000000fc 03 00000000
000000f8 02 000000d4
000000fc 03 00000000
000000f8 02 00000070
000000fc 03 00000000
000000f8 02 0000000c
000000fc 03 00000001
00000110 02 00000001
00000114 04 00000001
00000118 04 00000000
0000011c 04 00000001
00000120 05 00000775
00000124 1f 0000012c
0000012c 06 0000020c
000000e4 02 00000001
000000e8 04 00000779
0000014c 04 000005e9
00000150 02 00000000
0000014c 04 00000459
00000150 02 00000000
0000014c 04 000002c9
00000150 02 00000000
0000014c 04 00000139
00000150 02 00000001
0000015c 02 00000000
00000160 04 00000000
00000164 04 00000000
00000168 04 00000001
0000016c 05 00000776
00000170 1f 00000178
00000178 06 00000210
000000e4 02 00000002
000000e8 04 0000077a
0000014c 04 000005ea
00000150 02 00000000
0000014c 04 0000045a
00000150 02 00000000
0000014c 04 000002ca
00000150 02 00000000
0000014c 04 0000013a
00000150 02 00000001
0000015c 02 00000000
00000160 04 00000000
00000164 04 00000000
00000168 04 00000001
0000016c 05 00000777
00000170 1f 00000178
00000178 06 00000214
000000e4 02 00000003
000000e8 04 0000077b
0000014c 04 000005eb
00000150 02 00000000
0000014c 04 0000045b
00000150 02 00000000
0000014c 04 000002cb
00000150 02 00000000
0000014c 04 0000013b
00000150 02 00000001
0000015c 02 00000000
00000160 04 00000000
00000164 04 00000000
00000168 04 00000001
0000016c 05 00000778
00000170 1f 00000178
00000178 06 00000218
000000e4 02 00000000
000000e8 04 0000077c
000000f4 02 0000077c
000000f8 02 00000718
000000fc 03 00000000
000000f8 02 000006b4
000000fc 03 00000000
000000f8 02 00000650
000000fc 03 00000000
000000f8 02 000005ec
000000fc 03 00000000
000000f8 02 00000588
000000fc 03 00000000
000000f8 02 00000524
000000fc 03 00000000
000000f8 02 000004c0
000000fc 03 00000000
000000f8 02 0000045c
000000fc 03 00000000
000000f8 02 000003f8
000000fc 03 00000000
000000f8 02 00000394
000000fc 03 00000000
000000f8 02 00000330
000000fc 03 00000000
000000f8 02 000002cc
000000fc 03 00000000
000000f8 02 00000268
000000fc 03 00000000
000000f8 02 00000204
000000fc 03 00000000
000000f8 02 000001a0
000000fc 03 00000000
000000f8 02 0000013c
000000fc 03 00000000
000000f8 02 000000d8
000000fc 03 00000000
000000f8 02 00000074
000000fc 03 00000000
000000f8 02 00000010
000000fc 03 00000001
00000110 02 00000001
00000114 04 00000001
00000118 04 00000000
0000011c 04 00000001
00000120 05 00000779
00000124 1f 0000012c
0000012c 06 0000021c
000000e4 02 00000001
000000e8 04 0000077d
0000014c 04 000005ed
00000150 02 00000000
0000014c 04 0000045d
00000150 02 00000000
0000014c 04 000002cd
00000150 02 00000000
0000014c 04 0000013d
00000150 02 00000001
0000015c 02 00000000
00000160 04 00000000
00000164 04 00000000
00000168 04 00000001
0000016c 05 0000077a
00000170 1f 00000178
00000178 06 00000220
000000e4 02 00000002
000000e8 04 0000077e
0000014c 04 000005ee
00000150 02 00000000
0000014c 04 0000045e
00000150 02 00000000
0000014c 04 000002ce
00000150 02 00000000
0000014c 04 0000013e
00000150 02 00000001
0000015c 02 00000000
00000160 04 00000000
00000164 04 00000000
00000168 04 00000001
0000016c 05 0000077b
00000170 1f 00000178
00000178 06 00000224
000000e4 02 00000003
000000e8 04 0000077f
0000014c 04 000005ef
00000150 02 00000000
0000014c 04 0000045f
00000150 02 00000000
0000014c 04 000002cf
00000150 02 00000000
0000014c 04 0000013f
00000150 02 00000001
0000015c 02 00000000
00000160 04 00000000
00000164 04 00000000
00000168 04 00000001
0000016c 05 0000077c
00000170 1f 00000178
00000178 06 00000228
000000e4 02 00000000
000000e8 04 00000780
000000f4 02 00000780
000000f8 02 0000071c
000000fc 03 00000000
000000f8 02 000006b8
000000fc 03 00000000
000000f8 02 00000654
000000fc 03 00000000
000000f8 02 000005f0
000000fc 03 00000000
000000f8 02 0000058c
000000fc 03 00000000
000000f8 02 00000528
000000fc 03 00000000
000000f8 02 000004c4
000000fc 03 00000000
000000f8 02 00000460
000000fc 03 00000000
000000f8 02 000003fc
000000fc 03 00000000
000000f8 02 00000398
000000fc 03 00000000
000000f8 02 00000334
000000fc 03 00000000
000000f8 02 000002d0
000000fc 03 00000000
000000f8 02 0000026c
000000fc 03 00000000
000000f8 02 00000208
000000fc 03 00000000
000000f8 02 000001a4
000000fc 03 00000000
000000f8 02 00000140
000000fc 03 00000000
000000f8 02 000000dc
000000fc 03 00000000
000000f8 02 00000078
000000fc 03 00000000
000000f8 02 00000014
000000fc 03 00000001
00000110 02 00000001
00000114 04 00000001
00000118 04 00000000
0000011c 04 00000001
00000120 05 0000077d
00000124 1f 0000012c
0000012c 06 0000022c
000000e4 02 00000001
000000e8 04 00000781
0000014c 04 000005f1
00000150 02 00000000
0000014c 04 00000461
00000150 02 00000000
0000014c 04 000002d1
00000150 02 00000000
0000014c 04 00000141
00000150 02 00000001
0000015c 02 00000000
00000160 04 00000000
00000164 04 00000000
00000168 04 00000001
0000016c 05 0000077e
00000170 1f 00000178
00000178 06 00000230
000000e4 02 00000002
000000e8 04 00000782
0000014c 04 000005f2
00000150 02 00000000
0000014c 04 00000462
00000150 02 00000000
0000014c 04 000002d2
00000150 02 00000000
0000014c 04 00000142
00000150 02 00000001
0000015c 02 00000000
00000160 04 00000000
00000164 04 00000000
00000168 04 00000001
0000016c 05 0000077f
00000170 1f 00000178
00000178 06 00000234
000000e4 02 00000003
000000e8 04 00000783
0000014c 04 000005f3
00000150 02 00000000
0000014c 04 00000463
00000150 02 00000000
0000014c 04 000002d3
00000150 02 00000000
0000014c 04 00000143
00000150 02 00000001
0000015c 02 00000000
00000160 04 00000000
00000164 04 00000000
00000168 04 00000001
0000016c 05 00000780
00000170 1f 00000178
00000178 06 00000238
000000e4 02 00000000
000000e8 04 00000784
000000f4 02 00000784
000000f8 02 00000720
000000fc 03 00000000
000000f8 02 000006bc
000000fc 03 00000000
000000f8 02 00000658
000000fc 03 00000000
000000f8 02 000005f4
000000fc 03 00000000
000000f8 02 00000590
000000fc 03 00000000
000000f8 02 0000052c
000000fc 03 00000000
000000f8 02 000004c8
000000fc 03 00000000
000000f8 02 00000464
000000fc 03 00000000
000000f8 02 00000400
000000fc 03 00000000
000000f8 02 0000039c
000000fc 03 00000000
000000f8 02 00000338
000000fc 03 00000000
000000f8 02 000002d4
000000fc 03 00000000
000000f8 02 00000270
000000fc 03 00000000
000000f8 02 0000020c
000000fc 03 00000000
000000f8 02 000001a8
000000fc 03 00000000
000000f8 02 00000144
000000fc 03 00000000
000000f8 02 000000e0
000000fc 03 00000000
000000f8 02 0000007c
000000fc 03 00000000
000000f8 02 00000018
000000fc 03 00000001
00000110 02 00000001
00000114 04 00000001
00000118 04 00000000
0000011c 04 00000001
00000120 05 00000781
00000124 1f 0000012c
0000012c 06 0000023c
000000e4 02 00000001
000000e8 04 00000785
0000014c 04 000005f5
00000150 02 00000000
0000014c 04 00000465
00000150 02 00000000
0000014c 04 000002d5
00000150 02 00000000
0000014c 04 00000145
00000150 02 00000001
0000015c 02 00000000
00000160 04 00000000
00000164 04 00000000
00000168 04 00000001
0000016c 05 00000782
00000170 1f 00000178
00000178 06 00000240
000000e4 02 00000002
000000e8 04 00000786
0000014c 04 000005f6
00000150 02 00000000
0000014c 04 00000466
00000150 02 00000000
0000014c 04 000002d6
00000150 02 00000000
0000014c 04 00000146
00000150 02 00000001
0000015c 02 00000000
00000160 04 00000000
00000164 04 00000000
00000168 04 00000001
0000016c 05 00000783
00000170 1f 00000178
00000178 06 00000244
000000e4 02 00000003
000000e8 04 00000787
0000014c 04 000005f7
00000150 02 00000000
0000014c 04 00000467
00000150 02 00000000
0000014c 04 000002d7
00000150 02 00000000
0000014c 04 00000147
00000150 02 00000001
0000015c 02 00000000
00000160 04 00000000
00000164 04 00000000
00000168 04 00000001
0000016c 05 00000784
00000170 1f 00000178
00000178 06 00000248
000000e4 02 00000000
000000e8 04 00000788
000000f4 02 00000788
000000f8 02 00000724
000000fc 03 00000000
000000f8 02 000006c0
000000fc 03 00000000
000000f8 02 0000065c
000000fc 03 00000000
000000f8 02 000005f8
000000fc 03 00000000
000000f8 02 00000594
000000fc 03 00000000
000000f8 02 00000530
000000fc 03 00000000
000000f8 02 000004cc
000000fc 03 00000000
000000f8 02 00000468
000000fc 03 00000000
000000f8 02 00000404
000000fc 03 00000000
000000f8 02 000003a0
000000fc 03 00000000
000000f8 02 0000033c
000000fc 03 00000000
000000f8 02 000002d8
000000fc 03 00000000
000000f8 02 00000274
000000fc 03 00000000
000000f8 02 00000210
000000fc 03 00000000
000000f8 02 000001ac
000000fc 03 00000000
000000f8 02 00000148
000000fc 03 00000000
000000f8 02 000000e4
000000fc 03 00000000
000000f8 02 00000080
000000fc 03 00000000
000000f8 02 0000001c
000000fc 03 00000001
00000110 02 00000001
00000114 04 00000001
00000118 04 00000000
0000011c 04 00000001
00000120 05 00000785
00000124 1f 0000012c
0000012c 06 0000024c
000000e4 02 00000001
000000e8 04 00000789
0000014c 04 000005f9
00000150 02 00000000
0000014c 04 00000469
00000150 02 00000000
0000014c 04 000002d9
00000150 02 00000000
0000014c 04 00000149
00000150 02 00000001
0000015c 02 00000000
00000160 04 00000000
00000164 04 00000000
00000168 04 00000001
0000016c 05 00000786
00000170 1f 00000178
00000178 06 00000250
000000e4 02 00000002
000000e8 04 0000078a
0000014c 04 000005fa
00000150 02 00000000
0000014c 04 0000046a
00000150 02 00000000
0000014c 04 000002da
00000150 02 00000000
0000014c 04 0000014a
00000150 02 00000001
0000015c 02 00000000
00000160 04 00000000
00000164 04 00000000
00000168 04 00000001
0000016c 05 00000787
00000170 1f 00000178
00000178 06 00000254
000000e4 02 00000003
000000e8 04 0000078b
0000014c 04 000005fb
00000150 02 00000000
0000014c 04 0000046b
00000150 02 00000000
0000014c 04 000002db
00000150 02 00000000
0000014c 04 0000014b
00000150 02 00000001
0000015c 02 00000000
00000160 04 00000000
00000164 04 00000000
00000168 04 00000001
0000016c 05 00000788
00000170 1f 00000178
00000178 06 00000258
000000e4 02 00000000
000000e8 04 0000078c
000000f4 02 0000078c
000000f8 02 00000728
000000fc 03 00000000
000000f8 02 000006c4
000000fc 03 00000000
000000f8 02 00000660
000000fc 03 00000000
000000f8 02 000005fc
000000fc 03 00000000
000000f8 02 00000598
000000fc 03 00000000
000000f8 02 00000534
000000fc 03 00000000
000000f8 02 000004d0
000000fc 03 00000000
000000f8 02 0000046c
000000fc 03 00000000
000000f8 02 00000408
000000fc 03 00000000
000000f8 02 000003a4
000000fc 03 00000000
000000f8 02 00000340
000000fc 03 00000000
000000f8 02 000002dc
000000fc 03 00000000
000000f8 02 00000278
000000fc 03 00000000
000000f8 02 00000214
000000fc 03 00000000
000000f8 02 000001b0
000000fc 03 00000000
000000f8 02 0000014c
000000fc 03 00000000
000000f8 02 000000e8
000000fc 03 00000000
000000f8 02 00000084
000000fc 03 00000000
000000f8 02 00000020
000000fc 03 00000001
00000110 02 00000001
00000114 04 00000001
00000118 04 00000000
0000011c 04 00000001
00000120 05 00000789
00000124 1f 0000012c
0000012c 06 0000025c
000000e4 02 00000001
000000e8 04 0000078d
0000014c 04 000005fd
00000150 02 00000000
0000014c 04 0000046d
00000150 02 00000000
0000014c 04 000002dd
00000150 02 00000000
0000014c 04 0000014d
00000150 02 00000001
0000015c 02 00000000
00000160 04 00000000
00000164 04 00000000
00000168 04 00000001
0000016c 05 0000078a
00000170 1f 00000178
00000178 06 00000260
000000e4 02 00000002
000000e8 04 0000078e
0000014c 04 000005fe
00000150 02 00000000
0000014c 04 0000046e
00000150 02 00000000
0000014c 04 000002de
00000150 02 00000000
0000014c 04 0000014e
00000150 02 00000001
0000015c 02 00000000
00000160 04 00000000
00000164 04 00000000
00000168 04 00000001
0000016c 05 0000078b
00000170 1f 00000178
00000178 06 00000264
000000e4 02 00000003
000000e8 04 0000078f
0000014c 04 000005ff
00000150 02 00000000
0000014c 04 0000046f
00000150 02 00000000
0000014c 04 000002df
00000150 02 00000000
0000014c 04 0000014f
00000150 02 00000001
0000015c 02 00000000
00000160 04 00000000
00000164 04 00000000
00000168 04 00000001
0000016c 05 0000078c
00000170 1f 00000178
00000178 06 00000268
000000e4 02 00000000
000000e8 04 00000790
000000f4 02 00000790
000000f8 02 0000072c
000000fc 03 00000000
000000f8 02 000006c8
000000fc 03 00000000
000000f8 02 00000664
000000fc 03 00000000
000000f8 02 00000600
000000fc 03 00000000
000000f8 02 0000059c
000000fc 03 00000000
000000f8 02 00000538
000000fc 03 00000000
000000f8 02 000004d4
000000fc 03 00000000
000000f8 02 00000470
000000fc 03 00000000
000000f8 02 0000040c
000000fc 03 00000000
000000f8 02 000003a8
000000fc 03 00000000
000000f8 02 00000344
000000fc 03 00000000
000000f8 02 000002e0
000000fc 03 00000000
000000f8 02 0000027c
000000fc 03 00000000
000000f8 02 00000218
000000fc 03 00000000
000000f8 02 000001b4
000000fc 03 00000000
000000f8 02 00000150
000000fc 03 00000000
000000f8 02 000000ec
000000fc 03 00000000
000000f8 02 00000088
000000fc 03 00000000
000000f8 02 00000024
000000fc 03 00000001
00000110 02 00000001
00000114 04 00000001
00000118 04 00000000
0000011c 04 00000001
00000120 05 0000078d
00000124 1f 0000012c
0000012c 06 0000026c
000000e4 02 00000001
000000e8 04 00000791
0000014c 04 00000601
00000150 02 00000000
0000014c 04 00000471
00000150 02 00000000
0000014c 04 000002e1
00000150 02 00000000
0000014c 04 00000151
00000150 02 00000001
0000015c 02 00000000
00000160 04 00000000
00000164 04 00000000
00000168 04 00000001
0000016c 05 0000078e
00000170 1f 00000178
00000178 06 00000270
000000e4 02 00000002
000000e8 04 00000792
0000014c 04 00000602
00000150 02 00000000
0000014c 04 00000472
00000150 02 00000000
0000014c 04 000002e2
00000150 02 00000000
0000014c 04 00000152
00000150 02 00000001
0000015c 02 00000000
00000160 04 00000000
00000164 04 00000000
00000168 04 00000001
0000016c 05 0000078f
00000170 1f 00000178
00000178 06 00000274
000000e4 02 00000003
000000e8 04 00000793
0000014c 04 00000603
00000150 02 00000000
0000014c 04 00000473
00000150 02 00000000
0000014c 04 000002e3
00000150 02 00000000
0000014c 04 00000153
00000150 02 00000001
0000015c 02 00000000
00000160 04 00000000
00000164 04 00000000
00000168 04 00000001
0000016c 05 00000790
00000170 1f 00000178
00000178 06 00000278
000000e4 02 00000000
000000e8 04 00000794
000000f4 02 00000794
000000f8 02 00000730
000000fc 03 00000000
000000f8 02 000006cc
000000fc 03 00000000
000000f8 02 00000668
000000fc 03 00000000
000000f8 02 00000604
000000fc 03 00000000
000000f8 02 000005a0
000000fc 03 00000000
000000f8 02 0000053c
000000fc 03 00000000
000000f8 02 000004d8
000000fc 03 00000000
000000f8 02 00000474
000000fc 03 00000000
000000f8 02 00000410
000000fc 03 00000000
000000f8 02 000003ac
000000fc 03 00000000
000000f8 02 00000348
000000fc 03 00000000
000000f8 02 000002e4
000000fc 03 00000000
000000f8 02 00000280
000000fc 03 00000000
000000f8 02 0000021c
000000fc 03 00000000
000000f8 02 000001b8
000000fc 03 00000000
000000f8 02 00000154
000000fc 03 00000000
000000f8 02 000000f0
000000fc 03 00000000
000000f8 02 0000008c
000000fc 03 00000000
000000f8 02 00000028
000000fc 03 00000001
00000110 02 00000001
00000114 04 00000001
00000118 04 00000000
0000011c 04 00000001
00000120 05 00000791
00000124 1f 0000012c
0000012c 06 0000027c
000000e4 02 00000001
000000e8 04 00000795
0000014c 04 00000605
00000150 02 00000000
0000014c 04 00000475
00000150 02 00000000
0000014c 04 000002e5
00000150 02 00000000
0000014c 04 00000155
00000150 02 00000001
0000015c 02 00000000
00000160 04 00000000
00000164 04 00000000
00000168 04 00000001
0000016c 05 00000792
00000170 1f 00000178
00000178 06 00000280
000000e4 02 00000002
000000e8 04 00000796
0000014c 04 00000606
00000150 02 00000000
0000014c 04 00000476
00000150 02 00000000
0000014c 04 000002e6
00000150 02 00000000
0000014c 04 00000156
00000150 02 00000001
0000015c 02 00000000
00000160 04 00000000
00000164 04 00000000
00000168 04 00000001
0000016c 05 00000793
00000170 1f 00000178
00000178 06 00000284
000000e4 02 00000003
000000e8 04 00000797
0000014c 04 00000607
00000150 02 00000000
0000014c 04 00000477
00000150 02 00000000
0000014c 04 000002e7
00000150 02 00000000
0000014c 04 00000157
00000150 02 00000001
0000015c 02 00000000
00000160 04 00000000
00000164 04 00000000
00000168 04 00000001
0000016c 05 00000794
00000170 1f 00000178
00000178 06 00000288
000000e4 02 00000000
000000e8 04 00000798
000000f4 02 00000798
000000f8 02 00000734
000000fc 03 00000000
000000f8 02 000006d0
000000fc 03 00000000
000000f8 02 0000066c
000000fc 03 00000000
000000f8 02 00000608
000000fc 03 00000000
000000f8 02 000005a4
000000fc 03 00000000
000000f8 02 00000540
000000fc 03 00000000
000000f8 02 000004dc
000000fc 03 00000000
000000f8 02 00000478
000000fc 03 00000000
000000f8 02 00000414
000000fc 03 00000000
000000f8 02 000003b0
000000fc 03 00000000
000000f8 02 0000034c
000000fc 03 00000000
000000f8 02 000002e8
000000fc 03 00000000
000000f8 02 00000284
000000fc 03 00000000
000000f8 02 00000220
000000fc 03 00000000
000000f8 02 000001bc
000000fc 03 00000000
000000f8 02 00000158
000000fc 03 00000000
000000f8 02 000000f4
000000fc 03 00000000
000000f8 02 00000090
000000fc 03 00000000
000000f8 02 0000002c
000000fc 03 00000001
00000110 02 00000001
00000114 04 00000001
00000118 04 00000000
0000011c 04 00000001
00000120 05 00000795
00000124 1f 0000012c
0000012c 06 0000028c
000000e4 02 00000001
000000e8 04 00000799
0000014c 04 00000609
00000150 02 00000000
0000014c 04 00000479
00000150 02 00000000
0000014c 04 000002e9
00000150 02 00000000
0000014c 04 00000159
00000150 02 00000001
0000015c 02 00000000
00000160 04 00000000
00000164 04 00000000
00000168 04 00000001
0000016c 05 00000796
00000170 1f 00000178
00000178 06 00000290
000000e4 02 00000002
000000e8 04 0000079a
0000014c 04 0000060a
00000150 02 00000000
0000014c 04 0000047a
00000150 02 00000000
0000014c 04 000002ea
00000150 02 00000000
0000014c 04 0000015a
00000150 02 00000001
0000015c 02 00000000
00000160 04 00000000
00000164 04 00000000
00000168 04 00000001
0000016c 05 00000797
00000170 1f 00000178
00000178 06 00000294
000000e4 02 00000003
000000e8 04 0000079b
0000014c 04 0000060b
00000150 02 00000000
0000014c 04 0000047b
00000150 02 00000000
0000014c 04 000002eb
00000150 02 00000000
0000014c 04 0000015b
00000150 02 00000001
0000015c 02 00000000
00000160 04 00000000
00000164 04 00000000
00000168 04 00000001
0000016c 05 00000798
00000170 1f 00000178
00000178 06 00000298
000000e4 02 00000000
000000e8 04 0000079c
000000f4 02 0000079c
000000f8 02 00000738
000000fc 03 00000000
000000f8 02 000006d4
000000fc 03 00000000
000000f8 02 00000670
000000fc 03 00000000
000000f8 02 0000060c
000000fc 03 00000000
000000f8 02 000005a8
000000fc 03 00000000
000000f8 02 00000544
000000fc 03 00000000
000000f8 02 000004e0
000000fc 03 00000000
000000f8 02 0000047c
000000fc 03 00000000
000000f8 02 00000418
000000fc 03 00000000
000000f8 02 000003b4
000000fc 03 00000000
000000f8 02 00000350
000000fc 03 00000000
000000f8 02 000002ec
000000fc 03 00000000
000000f8 02 00000288
000000fc 03 00000000
000000f8 02 00000224
000000fc 03 00000000
000000f8 02 000001c0
000000fc 03 00000000
000000f8 02 0000015c
000000fc 03 00000000
000000f8 02 000000f8
000000fc 03 00000000
000000f8 02 00000094
000000fc 03 00000000
000000f8 02 00000030
000000fc 03 00000001
00000110 02 00000001
00000114 04 00000001
00000118 04 00000000
0000011c 04 00000001
00000120 05 00000799
00000124 1f 0000012c
0000012c 06 0000029c
000000e4 02 00000001
000000e8 04 0000079d
0000014c 04 0000060d
00000150 02 00000000
0000014c 04 0000047d
00000150 02 00000000
0000014c 04 000002ed
00000150 02 00000000
0000014c 04 0000015d
00000150 02 00000001
0000015c 02 00000000
00000160 04 00000000
00000164 04 00000000
00000168 04 00000001
0000016c 05 0000079a
00000170 1f 00000178
00000178 06 000002a0
000000e4 02 00000002
000000e8 04 0000079e
0000014c 04 0000060e
00000150 02 00000000
0000014c 04 0000047e
00000150 02 00000000
0000014c 04 000002ee
00000150 02 00000000
0000014c 04 0000015e
00000150 02 00000001
0000015c 02 00000000
00000160 04 00000000
00000164 04 00000000
00000168 04 00000001
0000016c 05 0000079b
00000170 1f 00000178
00000178 06 000002a4
000000e4 02 00000003
000000e8 04 0000079f
0000014c 04 0000060f
00000150 02 00000000
0000014c 04 0000047f
00000150 02 00000000
0000014c 04 000002ef
00000150 02 00000000
0000014c 04 0000015f
00000150 02 00000001
0000015c 02 00000000
00000160 04 00000000
00000164 04 00000000
00000168 04 00000001
0000016c 05 0000079c
00000170 1f 00000178
00000178 06 000002a8
000000e4 02 00000000
000000e8 04 000007a0
000000f4 02 000007a0
000000f8 02 0000073c
000000fc 03 00000000
000000f8 02 000006d8
000000fc 03 00000000
000000f8 02 00000674
000000fc 03 00000000
000000f8 02 00000610
000000fc 03 00000000
000000f8 02 000005ac
000000fc 03 00000000
000000f8 02 00000548
000000fc 03 00000000
000000f8 02 000004e4
000000fc 03 00000000
000000f8 02 00000480
000000fc 03 00000000
000000f8 02 0000041c
000000fc 03 00000000
000000f8 02 000003b8
000000fc 03 00000000
000000f8 02 00000354
000000fc 03 00000000
000000f8 02 000002f0
000000fc 03 00000000
000000f8 02 0000028c
000000fc 03 00000000
000000f8 02 00000228
000000fc 03 00000000
000000f8 02 000001c4
000000fc 03 00000000
000000f8 02 00000160
000000fc 03 00000000
000000f8 02 000000fc
000000fc 03 00000000
000000f8 02 00000098
000000fc 03 00000000
000000f8 02 00000034
000000fc 03 00000001
00000110 02 00000001
00000114 04 00000001
00000118 04 00000000
0000011c 04 00000001
00000120 05 0000079d
00000124 1f 0000012c
0000012c 06 000002ac
000000e4 02 00000001
000000e8 04 000007a1
0000014c 04 00000611
00000150 02 00000000
0000014c 04 00000481
00000150 02 00000000
0000014c 04 000002f1
00000150 02 00000000
0000014c 04 00000161
00000150 02 00000001
0000015c 02 00000000
00000160 04 00000000
00000164 04 00000000
00000168 04 00000001
0000016c 05 0000079e
00000170 1f 00000178
00000178 06 000002b0
000000e4 02 00000002
000000e8 04 000007a2
0000014c 04 00000612
00000150 02 00000000
0000014c 04 00000482
00000150 02 00000000
0000014c 04 000002f2
00000150 02 00000000
0000014c 04 00000162
00000150 02 00000001
0000015c 02 00000000
00000160 04 00000000
00000164 04 00000000
00000168 04 00000001
0000016c 05 0000079f
00000170 1f 00000178
00000178 06 000002b4
000000e4 02 00000003
000000e8 04 000007a3
0000014c 04 00000613
00000150 02 00000000
0000014c 04 00000483
00000150 02 00000000
0000014c 04 000002f3
00000150 02 00000000
0000014c 04 00000163
00000150 02 00000001
0000015c 02 00000000
00000160 04 00000000
00000164 04 00000000
00000168 04 00000001
0000016c 05 000007a0
00000170 1f 00000178
00000178 06 000002b8
000000e4 02 00000000
000000e8 04 000007a4
000000f4 02 000007a4
000000f8 02 00000740
000000fc 03 00000000
000000f8 02 000006dc
000000fc 03 00000000
000000f8 02 00000678
000000fc 03 00000000
000000f8 02 00000614
000000fc 03 00000000
000000f8 02 000005b0
000000fc 03 00000000
000000f8 02 0000054c
000000fc 03 00000000
000000f8 02 000004e8
000000fc 03 00000000
000000f8 02 00000484
000000fc 03 00000000
000000f8 02 00000420
000000fc 03 00000000
000000f8 02 000003bc
000000fc 03 00000000
000000f8 02 00000358
000000fc 03 00000000
000000f8 02 000002f4
000000fc 03 00000000
000000f8 02 00000290
000000fc 03 00000000
000000f8 02 0000022c
000000fc 03 00000000
000000f8 02 000001c8
000000fc 03 00000000
000000f8 02 00000164
000000fc 03 00000000
000000f8 02 00000100
000000fc 03 00000000
000000f8 02 0000009c
000000fc 03 00000000
000000f8 02 00000038
000000fc 03 00000001
00000110 02 00000001
00000114 04 00000001
00000118 04 00000000
0000011c 04 00000001
00000120 05 000007a1
00000124 1f 0000012c
0000012c 06 000002bc
000000e4 02 00000001
000000e8 04 000007a5
0000014c 04 00000615
00000150 02 00000000
0000014c 04 00000485
00000150 02 00000000
0000014c 04 000002f5
00000150 02 00000000
0000014c 04 00000165
00000150 02 00000001
0000015c 02 00000000
00000160 04 00000000
00000164 04 00000000
00000168 04 00000001
0000016c 05 000007a2
00000170 1f 00000178
00000178 06 000002c0
000000e4 02 00000002
000000e8 04 000007a6
0000014c 04 00000616
00000150 02 00000000
0000014c 04 00000486
00000150 02 00000000
0000014c 04 000002f6
00000150 02 00000000
0000014c 04 00000166
00000150 02 00000001
0000015c 02 00000000
00000160 04 00000000
00000164 04 00000000
00000168 04 00000001
0000016c 05 000007a3
00000170 1f 00000178
00000178 06 000002c4
000000e4 02 00000003
000000e8 04 000007a7
0000014c 04 00000617
00000150 02 00000000
0000014c 04 00000487
00000150 02 00000000
0000014c 04 000002f7
00000150 02 00000000
0000014c 04 00000167
00000150 02 00000001
0000015c 02 00000000
00000160 04 00000000
00000164 04 00000000
00000168 04 00000001
0000016c 05 000007a4
00000170 1f 00000178
00000178 06 000002c8
000000e4 02 00000000
000000e8 04 000007a8
000000f4 02 000007a8
000000f8 02 00000744
000000fc 03 00000000
000000f8 02 000006e0
000000fc 03 00000000
000000f8 02 0000067c
000000fc 03 00000000
000000f8 02 00000618
000000fc 03 00000000
000000f8 02 000005b4
000000fc 03 00000000
000000f8 02 00000550
000000fc 03 00000000
000000f8 02 000004ec
000000fc 03 00000000
000000f8 02 00000488
000000fc 03 00000000
000000f8 02 00000424
000000fc 03 00000000
000000f8 02 000003c0
000000fc 03 00000000
000000f8 02 0000035c
000000fc 03 00000000
000000f8 02 000002f8
000000fc 03 00000000
000000f8 02 00000294
000000fc 03 00000000
000000f8 02 00000230
000000fc 03 00000000
000000f8 02 000001cc
000000fc 03 00000000
000000f8 02 00000168
000000fc 03 00000000
000000f8 02 00000104
000000fc 03 00000000
000000f8 02 000000a0
000000fc 03 00000000
000000f8 02 0000003c
000000fc 03 00000001
00000110 02 00000001
00000114 04 00000001
00000118 04 00000000
0000011c 04 00000001
00000120 05 000007a5
00000124 1f 0000012c
0000012c 06 000002cc
000000e4 02 00000001
000000e8 04 000007a9
0000014c 04 00000619
00000150 02 00000000
0000014c 04 00000489
00000150 02 00000000
0000014c 04 000002f9
00000150 02 00000000
0000014c 04 00000169
00000150 02 00000001
0000015c 02 00000000
00000160 04 00000000
00000164 04 00000000
00000168 04 00000001
0000016c 05 000007a6
00000170 1f 00000178
00000178 06 000002d0
000000e4 02 00000002
000000e8 04 000007aa
0000014c 04 0000061a
00000150 02 00000000
0000014c 04 0000048a
00000150 02 00000000
0000014c 04 000002fa
00000150 02 00000000
0000014c 04 0000016a
00000150 02 00000001
0000015c 02 00000000
00000160 04 00000000
00000164 04 00000000
00000168 04 00000001
0000016c 05 000007a7
00000170 1f 00000178
00000178 06 000002d4
000000e4 02 00000003
000000e8 04 000007ab
0000014c 04 0000061b
00000150 02 00000000
0000014c 04 0000048b
00000150 02 00000000
0000014c 04 000002fb
00000150 02 00000000
0000014c 04 0000016b
00000150 02 00000001
0000015c 02 00000000
00000160 04 00000000
00000164 04 00000000
00000168 04 00000001
0000016c 05 000007a8
00000170 1f 00000178
00000178 06 000002d8
000000e4 02 00000000
000000e8 04 000007ac
000000f4 02 000007ac
000000f8 02 00000748
000000fc 03 00000000
000000f8 02 000006e4
000000fc 03 00000000
000000f8 02 00000680
000000fc 03 00000000
000000f8 02 0000061c
000000fc 03 00000000
000000f8 02 000005b8
000000fc 03 00000000
000000f8 02 00000554
000000fc 03 00000000
000000f8 02 000004f0
000000fc 03 00000000
000000f8 02 0000048c
000000fc 03 00000000
000000f8 02 00000428
000000fc 03 00000000
000000f8 02 000003c4
000000fc 03 00000000
000000f8 02 00000360
000000fc 03 00000000
000000f8 02 000002fc
000000fc 03 00000000
000000f8 02 00000298
000000fc 03 00000000
000000f8 02 00000234
000000fc 03 00000000
000000f8 02 000001d0
000000fc 03 00000000
000000f8 02 0000016c
000000fc 03 00000000
000000f8 02 00000108
000000fc 03 00000000
000000f8 02 000000a4
000000fc 03 00000000
000000f8 02 00000040
000000fc 03 00000001
00000110 02 00000001
00000114 04 00000001
00000118 04 00000000
0000011c 04 00000001
00000120 05 000007a9
00000124 1f 0000012c
0000012c 06 000002dc
000000e4 02 00000001
000000e8 04 000007ad
0000014c 04 0000061d
00000150 02 00000000
0000014c 04 0000048d
00000150 02 00000000
0000014c 04 000002fd
00000150 02 00000000
0000014c 04 0000016d
00000150 02 00000001
0000015c 02 00000000
00000160 04 00000000
00000164 04 00000000
00000168 04 00000001
0000016c 05 000007aa
00000170 1f 00000178
00000178 06 000002e0
000000e4 02 00000002
000000e8 04 000007ae
0000014c 04 0000061e
00000150 02 00000000
0000014c 04 0000048e
00000150 02 00000000
0000014c 04 000002fe
00000150 02 00000000
0000014c 04 0000016e
00000150 02 00000001
0000015c 02 00000000
00000160 04 00000000
00000164 04 00000000
00000168 04 00000001
0000016c 05 000007ab
00000170 1f 00000178
00000178 06 000002e4
000000e4 02 00000003
000000e8 04 000007af
0000014c 04 0000061f
00000150 02 00000000
0000014c 04 0000048f
00000150 02 00000000
0000014c 04 000002ff
00000150 02 00000000
0000014c 04 0000016f
00000150 02 00000001
0000015c 02 00000000
00000160 04 00000000
00000164 04 00000000
00000168 04 00000001
0000016c 05 000007ac
00000170 1f 00000178
00000178 06 000002e8
000000e4 02 00000000
000000e8 04 000007b0
000000f4 02 000007b0
000000f8 02 0000074c
000000fc 03 00000000
000000f8 02 000006e8
000000fc 03 00000000
000000f8 02 00000684
000000fc 03 00000000
000000f8 02 00000620
000000fc 03 00000000
000000f8 02 000005bc
000000fc 03 00000000
000000f8 02 00000558
000000fc 03 00000000
000000f8 02 000004f4
000000fc 03 00000000
000000f8 02 00000490
000000fc 03 00000000
000000f8 02 0000042c
000000fc 03 00000000
000000f8 02 000003c8
000000fc 03 00000000
000000f8 02 00000364
000000fc 03 00000000
000000f8 02 00000300
000000fc 03 00000000
000000f8 02 0000029c
000000fc 03 00000000
000000f8 02 00000238
000000fc 03 00000000
000000f8 02 000001d4
000000fc 03 00000000
000000f8 02 00000170
000000fc 03 00000000
000000f8 02 0000010c
000000fc 03 00000000
000000f8 02 000000a8
000000fc 03 00000000
000000f8 02 00000044
000000fc 03 00000001
00000110 02 00000001
00000114 04 00000001
00000118 04 00000000
0000011c 04 00000001
00000120 05 000007ad
00000124 1f 0000012c
0000012c 06 000002ec
000000e4 02 00000001
000000e8 04 000007b1
0000014c 04 00000621
00000150 02 00000000
0000014c 04 00000491
00000150 02 00000000
0000014c 04 00000301
00000150 02 00000000
0000014c 04 00000171
00000150 02 00000001
0000015c 02 00000000
00000160 04 00000000
00000164 04 00000000
00000168 04 00000001
0000016c 05 000007ae
00000170 1f 00000178
00000178 06 000002f0
000000e4 02 00000002
000000e8 04 000007b2
0000014c 04 00000622
00000150 02 00000000
0000014c 04 00000492
00000150 02 00000000
0000014c 04 00000302
00000150 02 00000000
0000014c 04 00000172
00000150 02 00000001
0000015c 02 00000000
00000160 04 00000000
00000164 04 00000000
00000168 04 00000001
0000016c 05 000007af
00000170 1f 00000178
00000178 06 000002f4
000000e4 02 00000003
000000e8 04 000007b3
0000014c 04 00000623
00000150 02 00000000
0000014c 04 00000493
00000150 02 00000000
0000014c 04 00000303
00000150 02 00000000
0000014c 04 00000173
00000150 02 00000001
0000015c 02 00000000
00000160 04 00000000
00000164 04 00000000
00000168 04 00000001
0000016c 05 000007b0
00000170 1f 00000178
00000178 06 000002f8
000000e4 02 00000000
000000e8 04 000007b4
000000f4 02 000007b4
000000f8 02 00000750
000000fc 03 00000000
000000f8 02 000006ec
000000fc 03 00000000
000000f8 02 00000688
000000fc 03 00000000
000000f8 02 00000624
000000fc 03 00000000
000000f8 02 000005c0
000000fc 03 00000000
000000f8 02 0000055c
000000fc 03 00000000
000000f8 02 000004f8
000000fc 03 00000000
000000f8 02 00000494
000000fc 03 00000000
000000f8 02 00000430
000000fc 03 00000000
000000f8 02 000003cc
000000fc 03 00000000
000000f8 02 00000368
000000fc 03 00000000
000000f8 02 00000304
000000fc 03 00000000
000000f8 02 000002a0
000000fc 03 00000000
000000f8 02 0000023c
000000fc 03 00000000
000000f8 02 000001d8
000000fc 03 00000000
000000f8 02 00000174
000000fc 03 00000000
000000f8 02 00000110
000000fc 03 00000000
000000f8 02 000000ac
000000fc 03 00000000
000000f8 02 00000048
000000fc 03 00000001
00000110 02 00000001
00000114 04 00000001
00000118 04 00000000
0000011c 04 00000001
00000120 05 000007b1
00000124 1f 0000012c
0000012c 06 000002fc
000000e4 02 00000001
000000e8 04 000007b5
0000014c 04 00000625
00000150 02 00000000
0000014c 04 00000495
00000150 02 00000000
0000014c 04 00000305
00000150 02 00000000
0000014c 04 00000175
00000150 02 00000001
0000015c 02 00000000
00000160 04 00000000
00000164 04 00000000
00000168 04 00000001
0000016c 05 000007b2
00000170 1f 00000178
00000178 06 00000300
000000e4 02 00000002
000000e8 04 000007b6
0000014c 04 00000626
00000150 02 00000000
0000014c 04 00000496
00000150 02 00000000
0000014c 04 00000306
00000150 02 00000000
0000014c 04 00000176
00000150 02 00000001
0000015c 02 00000000
00000160 04 00000000
00000164 04 00000000
00000168 04 00000001
0000016c 05 000007b3
00000170 1f 00000178
00000178 06 00000304
000000e4 02 00000003
000000e8 04 000007b7
0000014c 04 00000627
00000150 02 00000000
0000014c 04 00000497
00000150 02 00000000
0000014c 04 00000307
00000150 02 00000000
0000014c 04 00000177
00000150 02 00000001
0000015c 02 00000000
00000160 04 00000000
00000164 04 00000000
00000168 04 00000001
0000016c 05 000007b4
00000170 1f 00000178
00000178 06 00000308
000000e4 02 00000000
000000e8 04 000007b8
000000f4 02 000007b8
000000f8 02 00000754
000000fc 03 00000000
000000f8 02 000006f0
000000fc 03 00000000
000000f8 02 0000068c
000000fc 03 00000000
000000f8 02 00000628
000000fc 03 00000000
000000f8 02 000005c4
000000fc 03 00000000
000000f8 02 00000560
000000fc 03 00000000
000000f8 02 000004fc
000000fc 03 00000000
000000f8 02 00000498
000000fc 03 00000000
000000f8 02 00000434
000000fc 03 00000000
000000f8 02 000003d0
000000fc 03 00000000
000000f8 02 0000036c
000000fc 03 00000000
000000f8 02 00000308
000000fc 03 00000000
000000f8 02 000002a4
000000fc 03 00000000
000000f8 02 00000240
000000fc 03 00000000
000000f8 02 000001dc
000000fc 03 00000000
000000f8 02 00000178
000000fc 03 00000000
000000f8 02 00000114
000000fc 03 00000000
000000f8 02 000000b0
000000fc 03 00000000
000000f8 02 0000004c
000000fc 03 00000001
00000110 02 00000001
00000114 04 00000001
00000118 04 00000000
0000011c 04 00000001
00000120 05 000007b5
00000124 1f 0000012c
0000012c 06 0000030c
000000e4 02 00000001
000000e8 04 000007b9
0000014c 04 00000629
00000150 02 00000000
0000014c 04 00000499
00000150 02 00000000
0000014c 04 00000309
00000150 02 00000000
0000014c 04 00000179
00000150 02 00000001
0000015c 02 00000000
00000160 04 00000000
00000164 04 00000000
00000168 04 00000001
0000016c 05 000007b6
00000170 1f 00000178
00000178 06 00000310
000000e4 02 00000002
000000e8 04 000007ba
0000014c 04 0000062a
00000150 02 00000000
0000014c 04 0000049a
00000150 02 00000000
0000014c 04 0000030a
00000150 02 00000000
0000014c 04 0000017a
00000150 02 00000001
0000015c 02 00000000
00000160 04 00000000
00000164 04 00000000
00000168 04 00000001
0000016c 05 000007b7
00000170 1f 00000178
00000178 06 00000314
000000e4 02 00000003
000000e8 04 000007bb
0000014c 04 0000062b
00000150 02 00000000
0000014c 04 0000049b
00000150 02 00000000
0000014c 04 0000030b
00000150 02 00000000
0000014c 04 0000017b
00000150 02 00000001
0000015c 02 00000000
00000160 04 00000000
00000164 04 00000000
00000168 04 00000001
0000016c 05 000007b8
00000170 1f 00000178
00000178 06 00000318
000000e4 02 00000000
000000e8 04 000007bc
000000f4 02 000007bc
000000f8 02 00000758
000000fc 03 00000000
000000f8 02 000006f4
000000fc 03 00000000
000000f8 02 00000690
000000fc 03 00000000
000000f8 02 0000062c
000000fc 03 00000000
000000f8 02 000005c8
000000fc 03 00000000
000000f8 02 00000564
000000fc 03 00000000
000000f8 02 00000500
000000fc 03 00000000
000000f8 02 0000049c
000000fc 03 00000000
000000f8 02 00000438
000000fc 03 00000000
000000f8 02 000003d4
000000fc 03 00000000
000000f8 02 00000370
000000fc 03 00000000
000000f8 02 0000030c
000000fc 03 00000000
000000f8 02 000002a8
000000fc 03 00000000
000000f8 02 00000244
000000fc 03 00000000
000000f8 02 000001e0
000000fc 03 00000000
000000f8 02 0000017c
000000fc 03 00000000
000000f8 02 00000118
000000fc 03 00000000
000000f8 02 000000b4
000000fc 03 00000000
000000f8 02 00000050
000000fc 03 00000001
00000110 02 00000001
00000114 04 00000001
00000118 04 00000000
0000011c 04 00000001
00000120 05 000007b9
00000124 1f 0000012c
0000012c 06 0000031c
000000e4 02 00000001
000000e8 04 000007bd
0000014c 04 0000062d
00000150 02 00000000
0000014c 04 0000049d
00000150 02 00000000
0000014c 04 0000030d
00000150 02 00000000
0000014c 04 0000017d
00000150 02 00000001
0000015c 02 00000000
00000160 04 00000000
00000164 04 00000000
00000168 04 00000001
0000016c 05 000007ba
00000170 1f 00000178
00000178 06 00000320
000000e4 02 00000002
000000e8 04 000007be
0000014c 04 0000062e
00000150 02 00000000
0000014c 04 0000049e
00000150 02 00000000
0000014c 04 0000030e
00000150 02 00000000
0000014c 04 0000017e
00000150 02 00000001
0000015c 02 00000000
00000160 04 00000000
00000164 04 00000000
00000168 04 00000001
0000016c 05 000007bb
00000170 1f 00000178
00000178 06 00000324
000000e4 02 00000003
000000e8 04 000007bf
0000014c 04 0000062f
00000150 02 00000000
0000014c 04 0000049f
00000150 02 00000000
0000014c 04 0000030f
00000150 02 00000000
0000014c 04 0000017f
00000150 02 00000001
0000015c 02 00000000
00000160 04 00000000
00000164 04 00000000
00000168 04 00000001
0000016c 05 000007bc
00000170 1f 00000178
00000178 06 00000328
000000e4 02 00000000
000000e8 04 000007c0
000000f4 02 000007c0
000000f8 02 0000075c
000000fc 03 00000000
000000f8 02 000006f8
000000fc 03 00000000
000000f8 02 00000694
000000fc 03 00000000
000000f8 02 00000630
000000fc 03 00000000
000000f8 02 000005cc
000000fc 03 00000000
000000f8 02 00000568
000000fc 03 00000000
000000f8 02 00000504
000000fc 03 00000000
000000f8 02 000004a0
000000fc 03 00000000
000000f8 02 0000043c
000000fc 03 00000000
000000f8 02 000003d8
000000fc 03 00000000
000000f8 02 00000374
000000fc 03 00000000
000000f8 02 00000310
000000fc 03 00000000
000000f8 02 000002ac
000000fc 03 00000000
000000f8 02 00000248
000000fc 03 00000000
000000f8 02 000001e4
000000fc 03 00000000
000000f8 02 00000180
000000fc 03 00000000
000000f8 02 0000011c
000000fc 03 00000000
000000f8 02 000000b8
000000fc 03 00000000
000000f8 02 00000054
000000fc 03 00000001
00000110 02 00000001
00000114 04 00000001
00000118 04 00000000
0000011c 04 00000001
00000120 05 000007bd
00000124 1f 0000012c
0000012c 06 0000032c
000000e4 02 00000001
000000e8 04 000007c1
0000014c 04 00000631
00000150 02 00000000
0000014c 04 000004a1
00000150 02 00000000
0000014c 04 00000311
00000150 02 00000000
0000014c 04 00000181
00000150 02 00000001
0000015c 02 00000000
00000160 04 00000000
00000164 04 00000000
00000168 04 00000001
0000016c 05 000007be
00000170 1f 00000178
00000178 06 00000330
000000e4 02 00000002
000000e8 04 000007c2
0000014c 04 00000632
00000150 02 00000000
0000014c 04 000004a2
00000150 02 00000000
0000014c 04 00000312
00000150 02 00000000
0000014c 04 00000182
00000150 02 00000001
0000015c 02 00000000
00000160 04 00000000
00000164 04 00000000
00000168 04 00000001
0000016c 05 000007bf
00000170 1f 00000178
00000178 06 00000334
000000e4 02 00000003
000000e8 04 000007c3
0000014c 04 00000633
00000150 02 00000000
0000014c 04 000004a3
00000150 02 00000000
0000014c 04 00000313
00000150 02 00000000
0000014c 04 00000183
00000150 02 00000001
0000015c 02 00000000
00000160 04 00000000
00000164 04 00000000
00000168 04 00000001
0000016c 05 000007c0
00000170 1f 00000178
00000178 06 00000338
000000e4 02 00000000
000000e8 04 000007c4
000000f4 02 000007c4
000000f8 02 00000760
000000fc 03 00000000
000000f8 02 000006fc
000000fc 03 00000000
000000f8 02 00000698
000000fc 03 00000000
000000f8 02 00000634
000000fc 03 00000000
000000f8 02 000005d0
000000fc 03 00000000
000000f8 02 0000056c
000000fc 03 00000000
000000f8 02 00000508
000000fc 03 00000000
000000f8 02 000004a4
000000fc 03 00000000
000000f8 02 00000440
000000fc 03 00000000
000000f8 02 000003dc
000000fc 03 00000000
000000f8 02 00000378
000000fc 03 00000000
000000f8 02 00000314
000000fc 03 00000000
000000f8 02 000002b0
000000fc 03 00000000
000000f8 02 0000024c
000000fc 03 00000000
000000f8 02 000001e8
000000fc 03 00000000
000000f8 02 00000184
000000fc 03 00000000
000000f8 02 00000120
000000fc 03 00000000
000000f8 02 000000bc
000000fc 03 00000000
000000f8 02 00000058
000000fc 03 00000001
00000110 02 00000001
00000114 04 00000001
00000118 04 00000000
0000011c 04 00000001
00000120 05 000007c1
00000124 1f 0000012c
0000012c 06 0000033c
000000e4 02 00000001
000000e8 04 000007c5
0000014c 04 00000635
00000150 02 00000000
0000014c 04 000004a5
00000150 02 00000000
0000014c 04 00000315
00000150 02 00000000
0000014c 04 00000185
00000150 02 00000001
0000015c 02 00000000
00000160 04 00000000
00000164 04 00000000
00000168 04 00000001
0000016c 05 000007c2
00000170 1f 00000178
00000178 06 00000340
000000e4 02 00000002
000000e8 04 000007c6
0000014c 04 00000636
00000150 02 00000000
0000014c 04 000004a6
00000150 02 00000000
0000014c 04 00000316
00000150 02 00000000
0000014c 04 00000186
00000150 02 00000001
0000015c 02 00000000
00000160 04 00000000
00000164 04 00000000
00000168 04 00000001
0000016c 05 000007c3
00000170 1f 00000178
00000178 06 00000344
000000e4 02 00000003
000000e8 04 000007c7
0000014c 04 00000637
00000150 02 00000000
0000014c 04 000004a7
00000150 02 00000000
0000014c 04 00000317
00000150 02 00000000
0000014c 04 00000187
00000150 02 00000001
0000015c 02 00000000
00000160 04 00000000
00000164 04 00000000
00000168 04 00000001
0000016c 05 000007c4
00000170 1f 00000178
00000178 06 00000348
000000e4 02 00000000
000000e8 04 000007c8
000000f4 02 000007c8
000000f8 02 00000764
000000fc 03 00000000
000000f8 02 00000700
000000fc 03 00000000
000000f8 02 0000069c
000000fc 03 00000000
000000f8 02 00000638
000000fc 03 00000000
000000f8 02 000005d4
000000fc 03 00000000
000000f8 02 00000570
000000fc 03 00000000
000000f8 02 0000050c
000000fc 03 00000000
000000f8 02 000004a8
000000fc 03 00000000
000000f8 02 00000444
000000fc 03 00000000
000000f8 02 000003e0
000000fc 03 00000000
000000f8 02 0000037c
000000fc 03 00000000
000000f8 02 00000318
000000fc 03 00000000
000000f8 02 000002b4
000000fc 03 00000000
000000f8 02 00000250
000000fc 03 00000000
000000f8 02 000001ec
000000fc 03 00000000
000000f8 02 00000188
000000fc 03 00000000
000000f8 02 00000124
000000fc 03 00000000
000000f8 02 000000c0
000000fc 03 00000000
000000f8 02 0000005c
000000fc 03 00000001
00000110 02 00000001
00000114 04 00000001
00000118 04 00000000
0000011c 04 00000001
00000120 05 000007c5
00000124 1f 0000012c
0000012c 06 0000034c
000000e4 02 00000001
000000e8 04 000007c9
0000014c 04 00000639
00000150 02 00000000
0000014c 04 000004a9
00000150 02 00000000
0000014c 04 00000319
00000150 02 00000000
0000014c 04 00000189
00000150 02 00000001
0000015c 02 00000000
00000160 04 00000000
00000164 04 00000000
00000168 04 00000001
0000016c 05 000007c6
00000170 1f 00000178
00000178 06 00000350
000000e4 02 00000002
000000e8 04 000007ca
0000014c 04 0000063a
00000150 02 00000000
0000014c 04 000004aa
00000150 02 00000000
0000014c 04 0000031a
00000150 02 00000000
0000014c 04 0000018a
00000150 02 00000001
0000015c 02 00000000
00000160 04 00000000
00000164 04 00000000
00000168 04 00000001
0000016c 05 000007c7
00000170 1f 00000178
00000178 06 00000354
000000e4 02 00000003
000000e8 04 000007cb
0000014c 04 0000063b
00000150 02 00000000
0000014c 04 000004ab
00000150 02 00000000
0000014c 04 0000031b
00000150 02 00000000
0000014c 04 0000018b
00000150 02 00000001
0000015c 02 00000000
00000160 04 00000000
00000164 04 00000000
00000168 04 00000001
0000016c 05 000007c8
00000170 1f 00000178
00000178 06 00000358
000000e4 02 00000000
000000e8 04 000007cc
000000f4 02 000007cc
000000f8 02 00000768
000000fc 03 00000000
000000f8 02 00000704
000000fc 03 00000000
000000f8 02 000006a0
000000fc 03 00000000
000000f8 02 0000063c
000000fc 03 00000000
000000f8 02 000005d8
000000fc 03 00000000
000000f8 02 00000574
000000fc 03 00000000
000000f8 02 00000510
000000fc 03 00000000
000000f8 02 000004ac
000000fc 03 00000000
000000f8 02 00000448
000000fc 03 00000000
000000f8 02 000003e4
000000fc 03 00000000
000000f8 02 00000380
000000fc 03 00000000
000000f8 02 0000031c
000000fc 03 00000000
000000f8 02 000002b8
000000fc 03 00000000
000000f8 02 00000254
000000fc 03 00000000
000000f8 02 000001f0
000000fc 03 00000000
000000f8 02 0000018c
000000fc 03 00000000
000000f8 02 00000128
000000fc 03 00000000
000000f8 02 000000c4
000000fc 03 00000000
000000f8 02 00000060
000000fc 03 00000001
00000110 02 00000001
00000114 04 00000001
00000118 04 00000000
0000011c 04 00000001
00000120 05 000007c9
00000124 1f 0000012c
0000012c 06 0000035c
000000e4 02 00000001
000000e8 04 000007cd
0000014c 04 0000063d
00000150 02 00000000
0000014c 04 000004ad
00000150 02 00000000
0000014c 04 0000031d
00000150 02 00000000
0000014c 04 0000018d
00000150 02 00000001
0000015c 02 00000000
00000160 04 00000000
00000164 04 00000000
00000168 04 00000001
0000016c 05 000007ca
00000170 1f 00000178
00000178 06 00000360
000000e4 02 00000002
000000e8 04 000007ce
0000014c 04 0000063e
00000150 02 00000000
0000014c 04 000004ae
00000150 02 00000000
0000014c 04 0000031e
00000150 02 00000000
0000014c 04 0000018e
00000150 02 00000001
0000015c 02 00000000
00000160 04 00000000
00000164 04 00000000
00000168 04 00000001
0000016c 05 000007cb
00000170 1f 00000178
00000178 06 00000364
000000e4 02 00000003
000000e8 04 000007cf
0000014c 04 0000063f
00000150 02 00000000
0000014c 04 000004af
00000150 02 00000000
0000014c 04 0000031f
00000150 02 00000000
0000014c 04 0000018f
00000150 02 00000001
0000015c 02 00000000
00000160 04 00000000
00000164 04 00000000
00000168 04 00000001
0000016c 05 000007cc
00000170 1f 00000178
00000178 06 00000368
000000e4 02 00000000
000000e8 04 000007d0
000000f4 02 000007d0
000000f8 02 0000076c
000000fc 03 00000000
000000f8 02 00000708
000000fc 03 00000000
000000f8 02 000006a4
000000fc 03 00000000
000000f8 02 00000640
000000fc 03 00000000
000000f8 02 000005dc
000000fc 03 00000000
000000f8 02 00000578
000000fc 03 00000000
000000f8 02 00000514
000000fc 03 00000000
000000f8 02 000004b0
000000fc 03 00000000
000000f8 02 0000044c
000000fc 03 00000000
000000f8 02 000003e8
000000fc 03 00000000
000000f8 02 00000384
000000fc 03 00000000
000000f8 02 00000320
000000fc 03 00000000
000000f8 02 000002bc
000000fc 03 00000000
000000f8 02 00000258
000000fc 03 00000000
000000f8 02 000001f4
000000fc 03 00000000
000000f8 02 00000190
000000fc 03 00000000
000000f8 02 0000012c
000000fc 03 00000000
000000f8 02 000000c8
000000fc 03 00000000
000000f8 02 00000064
000000fc 03 00000000
000000f8 02 00000000
000000fc 03 00000001
0000014c 04 00000640
00000150 02 00000000
0000014c 04 000004b0
00000150 02 00000000
0000014c 04 00000320
00000150 02 00000000
0000014c 04 00000190
00000150 02 00000000
0000014c 04 00000000
00000150 02 00000001
0000015c 02 00000001
00000160 04 00000001
00000164 04 00000000
00000168 04 00000001
0000016c 05 000007cd
00000170 1f 00000178
00000178 06 0000036c
000000e4 02 00000001
000000e8 04 000007d1
0000014c 04 00000641
00000150 02 00000000
0000014c 04 000004b1
00000150 02 00000000
0000014c 04 00000321
00000150 02 00000000
0000014c 04 00000191
00000150 02 00000000
0000014c 04 00000001
00000150 02 00000001
0000015c 02 00000000
00000160 04 00000000
00000164 04 00000000
00000168 04 00000001
0000016c 05 000007ce
00000170 1f 00000178
00000178 06 00000370
000000e4 02 00000002
000000e8 04 000007d2
0000014c 04 00000642
00000150 02 00000000
0000014c 04 000004b2
00000150 02 00000000
0000014c 04 00000322
00000150 02 00000000
0000014c 04 00000192
00000150 02 00000000
0000014c 04 00000002
00000150 02 00000001
0000015c 02 00000000
00000160 04 00000000
00000164 04 00000000
00000168 04 00000001
0000016c 05 000007cf
00000170 1f 00000178
00000178 06 00000374
000000e4 02 00000003
000000e8 04 000007d3
0000014c 04 00000643
00000150 02 00000000
0000014c 04 000004b3
00000150 02 00000000
0000014c 04 00000323
00000150 02 00000000
0000014c 04 00000193
00000150 02 00000000
0000014c 04 00000003
00000150 02 00000001
0000015c 02 00000000
00000160 04 00000000
00000164 04 00000000
00000168 04 00000001
0000016c 05 000007d0
00000170 1f 00000178
00000178 06 00000378
000000e4 02 00000000
000000e8 04 000007d4
000000f4 02 000007d4
000000f8 02 00000770
000000fc 03 00000000
000000f8 02 0000070c
000000fc 03 00000000
000000f8 02 000006a8
000000fc 03 00000000
000000f8 02 00000644
000000fc 03 00000000
000000f8 02 000005e0
000000fc 03 00000000
000000f8 02 0000057c
000000fc 03 00000000
000000f8 02 00000518
000000fc 03 00000000
000000f8 02 000004b4
000000fc 03 00000000
000000f8 02 00000450
000000fc 03 00000000
000000f8 02 000003ec
000000fc 03 00000000
000000f8 02 00000388
000000fc 03 00000000
000000f8 02 00000324
000000fc 03 00000000
000000f8 02 000002c0
000000fc 03 00000000
000000f8 02 0000025c
000000fc 03 00000000
000000f8 02 000001f8
000000fc 03 00000000
000000f8 02 00000194
000000fc 03 00000000
000000f8 02 00000130
000000fc 03 00000000
000000f8 02 000000cc
000000fc 03 00000000
000000f8 02 00000068
000000fc 03 00000000
000000f8 02 00000004
000000fc 03 00000001
00000110 02 00000001
00000114 04 00000001
00000118 04 00000000
0000011c 04 00000001
00000120 05 000007d1
00000124 1f 0000012c
0000012c 06 0000037c
000000e4 02 00000001
000000e8 04 000007d5
0000014c 04 00000645
00000150 02 00000000
0000014c 04 000004b5
00000150 02 00000000
0000014c 04 00000325
00000150 02 00000000
0000014c 04 00000195
00000150 02 00000000
0000014c 04 00000005
00000150 02 00000001
0000015c 02 00000000
00000160 04 00000000
00000164 04 00000000
00000168 04 00000001
0000016c 05 000007d2
00000170 1f 00000178
00000178 06 00000380
000000e4 02 00000002
000000e8 04 000007d6
0000014c 04 00000646
00000150 02 00000000
0000014c 04 000004b6
00000150 02 00000000
0000014c 04 00000326
00000150 02 00000000
0000014c 04 00000196
00000150 02 00000000
0000014c 04 00000006
00000150 02 00000001
0000015c 02 00000000
00000160 04 00000000
00000164 04 00000000
00000168 04 00000001
0000016c 05 000007d3
00000170 1f 00000178
00000178 06 00000384
000000e4 02 00000003
000000e8 04 000007d7
0000014c 04 00000647
00000150 02 00000000
0000014c 04 000004b7
00000150 02 00000000
0000014c 04 00000327
00000150 02 00000000
0000014c 04 00000197
00000150 02 00000000
0000014c 04 00000007
00000150 02 00000001
0000015c 02 00000000
00000160 04 00000000
00000164 04 00000000
00000168 04 00000001
0000016c 05 000007d4
00000170 1f 00000178
00000178 06 00000388
000000e4 02 00000000
000000e8 04 000007d8
000000f4 02 000007d8
000000f8 02 00000774
000000fc 03 00000000
000000f8 02 00000710
000000fc 03 00000000
000000f8 02 000006ac
000000fc 03 00000000
000000f8 02 00000648
000000fc 03 00000000
000000f8 02 000005e4
000000fc 03 00000000
000000f8 02 00000580
000000fc 03 00000000
000000f8 02 0000051c
000000fc 03 00000000
000000f8 02 000004b8
000000fc 03 00000000
000000f8 02 00000454
000000fc 03 00000000
000000f8 02 000003f0
000000fc 03 00000000
000000f8 02 0000038c
000000fc 03 00000000
000000f8 02 00000328
000000fc 03 00000000
000000f8 02 000002c4
000000fc 03 00000000
000000f8 02 00000260
000000fc 03 00000000
000000f8 02 000001fc
000000fc 03 00000000
000000f8 02 00000198
000000fc 03 00000000
000000f8 02 00000134
000000fc 03 00000000
000000f8 02 000000d0
000000fc 03 00000000
000000f8 02 0000006c
000000fc 03 00000000
000000f8 02 00000008
000000fc 03 00000001
00000110 02 00000001
00000114 04 00000001
00000118 04 00000000
0000011c 04 00000001
00000120 05 000007d5
00000124 1f 0000012c
0000012c 06 0000038c
000000e4 02 00000001
000000e8 04 000007d9
0000014c 04 00000649
00000150 02 00000000
0000014c 04 000004b9
00000150 02 00000000
0000014c 04 00000329
00000150 02 00000000
0000014c 04 00000199
00000150 02 00000000
0000014c 04 00000009
00000150 02 00000001
0000015c 02 00000000
00000160 04 00000000
00000164 04 00000000
00000168 04 00000001
0000016c 05 000007d6
00000170 1f 00000178
00000178 06 00000390
000000e4 02 00000002
000000e8 04 000007da
0000014c 04 0000064a
00000150 02 00000000
0000014c 04 000004ba
00000150 02 00000000
0000014c 04 0000032a
00000150 02 00000000
0000014c 04 0000019a
00000150 02 00000000
0000014c 04 0000000a
00000150 02 00000001
0000015c 02 00000000
00000160 04 00000000
00000164 04 00000000
00000168 04 00000001
0000016c 05 000007d7
00000170 1f 00000178
00000178 06 00000394
000000e4 02 00000003
000000e8 04 000007db
0000014c 04 0000064b
00000150 02 00000000
0000014c 04 000004bb
00000150 02 00000000
0000014c 04 0000032b
00000150 02 00000000
0000014c 04 0000019b
00000150 02 00000000
0000014c 04 0000000b
00000150 02 00000001
0000015c 02 00000000
00000160 04 00000000
00000164 04 00000000
00000168 04 00000001
0000016c 05 000007d8
00000170 1f 00000178
00000178 06 00000398
000000e4 02 00000000
000000e8 04 000007dc
000000f4 02 000007dc
000000f8 02 00000778
000000fc 03 00000000
000000f8 02 00000714
000000fc 03 00000000
000000f8 02 000006b0
000000fc 03 00000000
000000f8 02 0000064c
000000fc 03 00000000
000000f8 02 000005e8
000000fc 03 00000000
000000f8 02 00000584
000000fc 03 00000000
000000f8 02 00000520
000000fc 03 00000000
000000f8 02 000004bc
000000fc 03 00000000
000000f8 02 00000458
000000fc 03 00000000
000000f8 02 000003f4
000000fc 03 00000000
000000f8 02 00000390
000000fc 03 00000000
000000f8 02 0000032c
000000fc 03 00000000
000000f8 02 000002c8
000000fc 03 00000000
000000f8 02 00000264
000000fc 03 00000000
000000f8 02 00000200
000000fc 03 00000000
000000f8 02 0000019c
000000fc 03 00000000
000000f8 02 00000138
000000fc 03 00000000
000000f8 02 000000d4
000000fc 03 00000000
000000f8 02 00000070
000000fc 03 00000000
000000f8 02 0000000c
000000fc 03 00000001
00000110 02 00000001
00000114 04 00000001
00000118 04 00000000
0000011c 04 00000001
00000120 05 000007d9
00000124 1f 0000012c
0000012c 06 0000039c
000000e4 02 00000001
000000e8 04 000007dd
0000014c 04 0000064d
00000150 02 00000000
0000014c 04 000004bd
00000150 02 00000000
0000014c 04 0000032d
00000150 02 00000000
0000014c 04 0000019d
00000150 02 00000000
0000014c 04 0000000d
00000150 02 00000001
0000015c 02 00000000
00000160 04 00000000
00000164 04 00000000
00000168 04 00000001
0000016c 05 000007da
00000170 1f 00000178
00000178 06 000003a0
000000e4 02 00000002
000000e8 04 000007de
0000014c 04 0000064e
00000150 02 00000000
0000014c 04 000004be
00000150 02 00000000
0000014c 04 0000032e
00000150 02 00000000
0000014c 04 0000019e
00000150 02 00000000
0000014c 04 0000000e
00000150 02 00000001
0000015c 02 00000000
00000160 04 00000000
00000164 04 00000000
00000168 04 00000001
0000016c 05 000007db
00000170 1f 00000178
00000178 06 000003a4
00000184 1f 00000018
00000188 02 00000000
0000018c 1d 00004000
00000018 1f 00000020
00000054 02 00000000
