00000000 1d 00004000
00000010 1f 00000018
00000064 06 00000000
00000068 05 000001d0
0000006c 1d 00003fe8
00000070 03 00000001
00000074 09 00000000
00000078 02 00000003
00000084 03 00000002
00000088 07 00000000
00000094 03 00000004
000000a0 04 00000001
000000a4 02 00000061
000000b4 1f 000000bc
000000bc 02 00000061
000000c0 08 000001f8
000000c4 04 00000000
000000c8 04 00000001
000000d0 1f 000000d8
000000d8 02 00000061
000000dc 04 00000000
000000e0 04 00000001
000000e8 1f 000000f0
000000f0 04 00000001
000000f4 02 ffffff80
000000f8 04 00000000
00000100 04 00000001
00000104 02 ffffff80
0000010c 1f 00000114
00000114 04 00000002
00000118 04 00000000
0000011c 04 00000001
00000120 1f 00000128
00000128 04 00000003
0000012c 04 00000000
00000130 04 00000001
00000134 1f 0000013c
0000013c 04 00000004
00000140 04 00000000
00000144 04 00000001
00000148 1f 00000150
00000150 04 00000003
00000154 04 00000000
00000158 04 00000001
0000015c 1f 00000164
00000164 04 00000003
00000168 04 00000000
0000016c 04 00000001
00000170 1f 00000178
00000178 04 ffffff80
0000017c 04 00000000
00000180 04 00000001
00000184 1f 0000018c
0000018c 04 ffffff80
00000190 04 00000000
00000194 04 00000001
00000198 1f 000001a0
000001a0 1f 00000018
000001a4 02 00000000
000001a8 1d 00004000
00000018 1f 00000020
00000054 02 00000000
